646983177
835583988
375395477
111327052
338362962
1153796849
209317565
943960328
812409448
646983177
900335161
1326803126
768169805
1387604521
700420983
1507991805
154682552
217517569
1610678276
1073975316
5425173
539562002
537001985
67407899
2244608
605456386
673452040
32802
604045315
1309415538
2752513
68845592
32796
1343832082
269156355
268435464
138575926
671584277
1107874338
536954905
4456496
407668752
1678770182
670130621
1332678298
196608
1572888
202070023
1019861924
67670049
805470234
2639919804
1656119554
1502916748
805486601
1142231072
805355520
1344995345
1115774470
135237653
1143291929
1611268128
1572888
608600064
1653498114
1342242840
0
509947346
911081410
70942738
902416114
1308785410
1073051636
4456480
2816474749
1259008594
32
3736959629
605636609
1045561569
1899475638
1654579458
1957702251
3189726343
81937
1099776
371340674
164761674
900778232
1072887786
1379630291
509947346
1813490302
909125012
0
1914935229
1692912982
2092937982
67586
1072887786
1544582290
42027067
1734055684
1545595902
102925073
2189655997
441940028
444605818
17924737
92281770
1332678298
4524162
1609887730
67586
2587234699
1179656
671140250
2685027845
68190226
673269794
922422806
692065424
1750372358
1143291929
1868535700
1607966106
403968012
1842824742
1337982718
2225078531
67109649
1367264
1056833002
1137221342
235051602
420772134
2146893694
4225780007
2818572285
67586
798140317
357791457
5536206274
1006333918
1582096374
3221219277
3468635944
605028752
489615358
1265387490
3589456266
1543193549
1842770744
3757491103
884436870
1060927422
1786883368
1006322636
2080335870
2147217372
2147478526
1868535700
2070512631
681936915
1543216085
302121168
1694404494
2457507297
1249754256
1610612709
1425479952
2214280204
1610164717
5796640
2147479550
567216412
1590549110
484742332
1842770872
1837537014
2223193372
1793617342
516591484
516591484
2147180508
364476106
2169795260
1620850807
4616684744
953767686
9478208
1912969152
968710886
1561783892
2883234348
547108983
4198464
3136273312
255080739
4198400
1958854840
2113403896
1906145512
213220090
978163056
288362968
1842770872
661837265
513158253
364738298
2137849598
1374350182
168558865
3221126973
1969344
352748903
1642077696
4285783484
160769164
51385446
2273608
3590867496
107098403
599680256
657795218
1591532406
0
2879364261
13123710
3594439810
0
2097152
1353591403
1786056070
2642464
3161535906
128976590
