50
23105 27380
50867 51622
5218 21054
3036 50708
2557 61594
71265 98314
5014 49112
4655 20002
23789 58916
39040 60137
20873 63043
42850 90790
5258 6928
41166 69142
2781 4564
23399 47822
42245 58579
56875 73288
2114 12775
61913 80721
61516 90400
7431 95244
40119 48803
33938 43112
35184 45014
16513 67437
4489 11623
3539 99694
9516 23684
9611 72891
6005 52862
3052 97516
55289 67812
11364 26598
25560 74247
4865 48803
4425 17168
45345 52015
3819 32596
27752 68930
10996 13040
57032 59078
74789 94844
60457 88357
13311 27182
4125 73950
51257 68136
37783 40592
898 99498
17005 56882
