63
18
15 14
15 2
16 2
16 11
11 17
3 17
6 3
6 7
13 14
9 14
14 10
14 8
1 14
14 4
14 12
14 5
18 11
9
4 6
4 7
2 7
2 5
5 3
3 1
9 3
2 8
9
6 9
9 5
4 9
9 7
2 9
1 9
3 9
9 8
6
1 2
1 4
5 2
2 3
4 6
10
3 10
3 7
8 10
1 3
10 2
4 2
5 4
2 6
9 6
10
6 7
4 8
10 6
5 10
1 5
8 1
3 5
1 9
2 6
3
3 1
1 2
4
4 2
3 4
4 1
4
3 2
4 2
1 4
4
4 3
2 4
4 1
9
9 5
3 4
5 8
7 8
7 6
1 6
1 3
2 6
2
2 1
5
4 3
1 3
1 2
4 5
10
10 1
5 10
6 1
6 3
1 7
4 1
3 2
9 1
8 2
4
2 1
1 4
3 4
7
6 2
2 5
5 4
5 7
1 4
1 3
5
2 4
5 2
5 3
1 5
6
2 5
3 5
1 3
1 6
6 4
10
6 9
9 1
1 7
7 2
5 2
8 5
10 8
10 3
4 10
10
5 9
9 6
1 9
7 9
10 1
10 4
9 2
8 10
3 10
4
3 1
1 2
4 3
8
7 4
8 4
1 8
1 6
2 6
5 4
3 6
6
4 1
2 4
1 3
5 1
2 6
7
4 5
3 5
1 5
5 7
2 5
5 6
31
24 9
9 7
4 7
29 4
14 29
14 17
31 17
31 3
3 21
12 21
5 12
5 30
30 22
22 23
23 2
26 24
24 18
15 24
24 6
27 24
28 24
24 10
20 24
24 8
24 13
24 25
1 24
19 24
16 24
24 11
10
5 8
1 7
10 5
4 10
6 4
9 6
9 7
4 2
3 4
9
9 4
3 9
7 3
7 5
4 2
8 3
1 7
7 6
9
1 2
1 5
2 7
5 9
6 2
9 3
9 4
8 3
6
6 3
2 3
5 2
5 1
2 4
7
5 1
5 4
6 4
6 7
3 7
7 2
3
2 3
1 2
1333
63 110
1229 110
1229 43
857 43
1237 857
1237 1111
1111 938
938 917
917 566
566 233
733 233
156 733
156 988
988 61
61 1022
1206 1022
333 1206
333 1297
619 1297
601 619
601 769
769 1159
711 1159
711 91
91 674
163 674
163 1058
1094 1058
851 1094
264 851
264 373
1304 373
401 1304
401 546
237 546
274 237
274 976
25 976
940 25
940 861
861 448
448 1280
650 1280
650 49
529 49
529 68
68 317
1198 317
1198 1049
912 1049
146 912
146 732
109 732
1174 109
1271 1174
1270 1271
1270 199
199 830
830 157
157 443
443 527
1259 527
1259 999
1172 999
352 1172
428 352
428 374
325 374
467 325
112 467
1257 112
102 1257
102 666
865 666
865 966
953 966
742 953
180 742
180 839
1023 839
1278 1023
88 1278
744 88
610 744
610 1197
225 1197
656 225
1275 656
1083 1275
1083 361
361 1121
645 1121
224 645
644 224
644 579
579 710
220 710
220 442
867 442
867 155
155 1127
1127 652
197 652
558 197
558 1289
1289 539
459 539
459 293
599 293
599 191
31 191
242 31
242 754
823 754
34 823
174 34
1328 174
750 1328
1025 750
1025 468
161 468
161 365
291 365
262 291
1188 262
768 1188
462 768
462 1192
1192 1136
1136 336
16 336
910 16
910 409
409 306
90 306
90 788
783 788
1013 783
1013 758
635 758
635 770
770 55
55 254
254 12
571 12
311 571
311 662
194 662
466 194
466 950
1194 950
1194 386
386 502
852 502
852 203
203 73
73 399
1131 399
1131 497
497 668
668 370
370 926
1067 926
995 1067
208 995
243 208
243 136
964 136
1238 964
1238 657
1301 657
804 1301
804 451
1045 451
1045 367
367 74
74 707
707 126
1203 126
1203 554
554 221
221 322
627 322
627 884
884 956
757 956
411 757
1124 411
387 1124
387 911
144 911
1160 144
975 1160
975 969
969 187
798 187
334 798
1327 334
211 1327
282 211
658 282
658 27
250 27
250 679
376 679
608 376
608 553
553 127
239 127
1008 239
1299 1008
670 1299
670 486
1020 486
659 1020
659 773
253 773
1119 253
1090 1119
474 1090
474 115
876 115
1332 876
1332 210
341 210
341 1202
651 1202
651 1277
1277 1129
1129 647
647 520
520 1158
1158 493
493 1132
1132 280
962 280
962 923
923 360
1115 360
1115 238
143 238
841 143
226 841
847 226
512 847
959 512
477 959
477 535
535 1302
763 1302
319 763
319 476
476 1048
1048 675
97 675
97 513
901 513
901 41
407 41
407 176
176 288
288 230
230 1112
1096 1112
1096 315
483 315
483 394
872 394
1038 872
67 1038
67 1086
1086 854
854 691
501 691
461 501
777 461
777 919
919 1099
1099 745
745 592
825 592
388 825
388 1043
1043 329
329 869
869 22
22 1307
866 1307
866 907
907 303
303 165
331 165
981 331
981 289
481 289
1085 481
977 1085
575 977
328 575
821 328
504 821
1170 504
1170 1014
105 1014
125 105
125 1157
1157 993
1264 993
1264 164
1322 164
1322 1254
1254 266
862 266
701 862
589 701
122 589
877 122
877 1213
1213 1037
312 1037
312 704
944 704
944 743
48 743
560 48
560 832
832 990
1326 990
1326 727
727 236
412 236
775 412
775 287
287 883
883 79
79 613
1285 613
810 1285
904 810
980 904
802 980
898 802
92 898
132 92
132 116
1057 116
521 1057
515 521
515 984
925 984
925 587
695 587
356 695
356 302
933 302
1116 933
1116 653
611 653
611 518
518 1106
582 1106
582 337
337 920
107 920
484 107
218 484
218 455
455 796
796 801
801 1333
607 1333
1207 607
937 1207
747 937
1177 747
499 1177
809 499
1330 809
1330 1245
1245 1140
1140 1261
1261 631
631 1222
1222 131
308 131
1211 308
629 1211
629 1318
133 1318
665 133
665 129
820 129
806 820
806 70
141 70
141 383
853 383
853 24
24 1
1 604
604 1135
1135 489
947 489
947 1273
1273 160
160 201
201 286
286 887
887 949
949 231
33 231
33 1063
1063 343
343 797
550 797
496 550
496 538
888 538
1201 888
324 1201
567 324
899 567
151 899
372 151
372 1205
764 1205
764 565
565 537
1252 537
935 1252
935 986
1011 986
1011 583
583 346
637 346
637 35
894 35
894 994
994 1267
1267 863
205 863
690 205
958 690
958 2
2 188
228 188
1103 228
1102 1103
1102 673
673 198
179 198
1079 179
1079 82
82 683
167 683
167 405
1317 405
563 1317
1052 563
1052 692
929 692
1239 929
1239 1009
725 1009
471 725
522 471
40 522
40 1147
1147 718
715 718
715 928
928 227
800 227
800 1256
1015 1256
543 1015
472 543
472 1050
1142 1050
1142 269
1084 269
323 1084
1027 323
1027 533
533 597
597 985
985 425
380 425
380 1306
1306 103
103 36
36 507
507 281
45 281
45 639
1265 639
38 1265
38 362
362 1125
1125 850
510 850
510 1291
400 1291
1113 400
1113 686
1073 686
1073 503
503 761
577 761
577 751
751 431
685 431
417 685
574 417
574 1283
570 1283
154 570
154 1035
1072 1035
1072 51
51 534
534 816
572 816
1041 572
1184 1041
1184 548
620 548
1185 620
1223 1185
1032 1223
410 1032
410 403
403 124
585 124
1294 585
1281 1294
342 1281
342 285
158 285
158 500
500 64
64 580
275 580
314 275
314 123
123 18
760 18
760 1166
1166 192
60 192
301 60
301 555
555 1146
1146 332
332 793
793 708
708 879
778 879
778 1068
265 1068
753 265
1263 753
1263 347
182 347
728 182
973 728
973 615
615 392
392 945
1107 945
946 1107
946 705
705 846
846 71
71 207
260 207
581 260
215 581
408 215
1164 408
1071 1164
1071 257
422 257
422 677
1323 677
694 1323
305 694
449 305
449 790
465 790
1002 465
807 1002
478 807
478 1228
774 1228
774 960
960 641
641 598
256 598
817 256
909 817
509 909
584 509
516 584
1092 516
835 1092
780 835
780 856
856 1226
1226 831
831 618
1293 618
1293 1138
1138 494
232 494
52 232
799 52
258 799
258 327
327 1324
1324 98
671 98
671 646
859 646
833 859
833 1200
717 1200
181 717
181 951
886 951
886 636
970 636
591 970
591 1316
1316 1209
475 1209
475 729
590 729
590 1075
1075 69
69 730
822 730
822 447
447 1268
930 1268
53 930
53 244
244 1110
1110 268
268 726
726 120
436 120
436 1036
1290 1036
1262 1290
307 1262
307 406
952 406
915 952
1069 915
65 1069
528 65
1100 528
1080 1100
404 1080
59 404
63 818
1243 63
147 63
63 649
1031 63
63 868
63 17
63 363
63 545
1021 63
63 693
63 1030
357 63
63 630
63 1258
63 50
714 63
63 511
63 819
63 1054
63 9
805 63
1056 63
63 202
735 63
63 734
421 63
114 63
63 1321
63 1311
113 63
63 834
63 1266
1319 63
63 672
1012 63
63 1139
63 229
63 1143
437 63
1133 63
304 63
842 63
1212 63
63 369
63 759
63 633
63 1061
63 108
63 1190
63 1300
1134 63
906 63
63 350
234 63
891 63
63 870
63 1175
63 924
63 450
724 63
1101 63
1187 63
1178 63
848 63
252 63
93 63
63 643
63 632
843 63
1168 63
908 63
204 63
101 63
752 63
184 63
921 63
384 63
63 1195
979 63
223 63
63 965
3 63
63 771
63 196
261 63
63 786
1089 63
152 63
63 765
63 720
63 1169
1331 63
63 927
349 63
63 340
63 432
1165 63
300 63
63 514
169 63
63 294
390 63
1180 63
63 217
738 63
11 63
63 1065
586 63
63 76
63 624
318 63
63 277
111 63
1224 63
63 1018
1076 63
681 63
29 63
63 623
195 63
63 736
396 63
1196 63
63 6
177 63
776 63
63 1077
63 426
299 63
63 420
63 279
63 1154
63 100
240 63
63 1225
63 914
148 63
1181 63
63 1046
63 638
63 316
1105 63
63 600
63 168
63 712
63 955
63 855
957 63
789 63
1217 63
63 42
296 63
241 63
435 63
63 967
456 63
1078 63
1320 63
440 63
63 99
63 616
1004 63
63 150
433 63
358 63
39 63
470 63
63 562
63 812
1312 63
63 779
63 664
63 827
104 63
63 273
63 564
895 63
63 166
63 1214
532 63
381 63
974 63
249 63
63 434
1210 63
1130 63
214 63
63 688
63 1128
117 63
63 621
63 1117
1152 63
1189 63
63 540
63 47
63 1292
612 63
63 991
366 63
63 290
63 703
1176 63
402 63
63 283
86 63
536 63
845 63
1088 63
1007 63
1062 63
63 702
1241 63
495 63
348 63
63 1272
63 46
63 766
77 63
1053 63
63 271
63 661
397 63
63 135
63 295
1269 63
568 63
1039 63
1087 63
1220 63
721 63
491 63
63 393
699 63
785 63
63 1249
63 321
149 63
1155 63
63 826
63 1019
63 614
63 1179
63 1193
748 63
28 63
63 551
216 63
63 454
1287 63
429 63
371 63
63 26
900 63
936 63
172 63
391 63
63 439
1183 63
353 63
63 80
874 63
642 63
1148 63
954 63
63 364
1000 63
63 378
63 445
713 63
63 739
808 63
63 963
19 63
63 379
284 63
63 297
740 63
794 63
162 63
63 882
395 63
1253 63
63 557
63 1208
63 245
63 106
63 186
63 885
63 700
519 63
63 762
989 63
63 14
63 423
118 63
63 87
741 63
193 63
444 63
1033 63
625 63
63 983
63 138
63 525
4 63
1144 63
63 593
63 556
460 63
63 72
63 905
63 781
602 63
63 175
63 1296
824 63
178 63
63 913
1286 63
1024 63
696 63
63 588
63 1095
63 121
63 1251
441 63
63 398
63 219
63 996
1126 63
1093 63
63 375
63 716
63 541
482 63
971 63
63 1016
185 63
5 63
1284 63
63 142
63 756
272 63
457 63
63 982
355 63
1060 63
1255 63
63 309
63 697
424 63
63 1091
63 430
63 335
63 37
63 542
63 414
63 684
922 63
63 749
63 1122
63 897
63 594
263 63
655 63
784 63
189 63
63 573
63 1051
63 552
1006 63
63 56
1145 63
63 1295
63 663
698 63
320 63
63 473
578 63
200 63
63 54
345 63
63 418
63 259
603 63
63 596
723 63
63 544
248 63
480 63
605 63
63 1191
292 63
63 746
63 276
63 1303
63 559
235 63
137 63
755 63
795 63
63 492
860 63
1171 63
63 654
1199 63
170 63
278 63
706 63
1310 63
130 63
1274 63
1227 63
63 609
1314 63
972 63
63 458
941 63
63 1219
83 63
63 840
63 719
640 63
63 453
63 96
63 1059
844 63
140 63
63 153
63 1028
63 992
569 63
1005 63
63 561
389 63
1309 63
63 791
63 1236
339 63
1153 63
209 63
63 1055
75 63
1276 63
63 385
63 206
63 344
95 63
63 782
63 881
1247 63
338 63
313 63
446 63
1246 63
63 1010
1081 63
10 63
63 998
864 63
416 63
63 889
63 682
485 63
63 173
836 63
549 63
63 1156
1163 63
63 1141
1250 63
63 1232
1104 63
506 63
63 415
634 63
330 63
30 63
63 247
787 63
968 63
452 63
267 63
63 916
63 351
63 1151
63 159
63 1003
63 1235
1042 63
1305 63
722 63
63 767
660 63
63 58
63 811
63 628
1167 63
508 63
63 1282
63 23
1114 63
63 814
251 63
63 57
463 63
44 63
246 63
63 803
63 1118
871 63
7 63
1240 63
63 15
878 63
63 626
1182 63
63 413
62 63
89 63
829 63
63 326
943 63
63 66
63 354
505 63
63 1221
63 524
213 63
368 63
63 1074
298 63
63 1313
63 1162
222 63
63 1047
978 63
1308 63
63 595
1298 63
63 310
487 63
63 517
617 63
63 1248
63 479
8 63
815 63
85 63
63 934
932 63
63 1244
171 63
961 63
63 1026
63 1186
63 678
942 63
63 20
1109 63
948 63
1137 63
63 1150
63 94
63 382
63 21
84 63
622 63
190 63
1173 63
1029 63
63 875
858 63
63 1108
63 1215
63 939
576 63
1149 63
63 880
63 1231
648 63
81 63
1279 63
63 606
987 63
63 893
63 530
63 1017
1001 63
63 13
63 1066
63 838
63 731
63 792
377 63
837 63
63 931
359 63
63 183
63 78
63 676
709 63
63 890
1230 63
63 689
63 918
469 63
488 63
997 63
63 270
1034 63
1234 63
63 419
63 903
63 902
526 63
1044 63
63 1242
523 63
63 1329
63 1315
63 464
1288 63
669 63
63 1120
1097 63
63 134
63 892
63 813
547 63
828 63
849 63
63 873
1082 63
438 63
1218 63
63 119
63 139
63 490
63 32
63 1123
63 128
1161 63
63 1233
63 145
1070 63
63 1204
63 1216
63 427
63 1260
212 63
680 63
63 737
63 1098
1325 63
1040 63
772 63
1064 63
63 255
63 667
531 63
687 63
63 498
896 63
21
7 20
19 7
16 20
16 5
21 20
21 18
9 16
20 6
15 16
20 4
6 17
7 11
7 3
20 10
16 12
8 15
13 17
1 9
12 14
2 6
5
1 4
3 1
2 3
5 2
2
1 2
26
15 22
22 17
17 14
14 19
4 19
12 4
12 20
18 20
7 18
23 7
9 23
9 3
26 3
26 13
13 11
11 6
16 6
1 16
25 1
25 10
24 10
5 24
5 8
2 8
21 9
7
1 3
5 6
1 7
4 7
5 4
3 2
3
1 3
2 1
5
4 5
4 2
2 1
3 1
8
3 5
1 3
5 6
1 7
7 4
3 8
8 2
10
10 6
2 6
6 5
8 6
1 6
4 6
7 6
6 9
3 6
9
9 1
5 1
5 4
3 4
7 9
3 2
7 8
6 3
10
8 9
3 8
3 10
10 5
5 2
1 2
4 8
2 7
6 8
6
5 3
4 3
6 4
6 2
6 1
44
23 1
40 23
35 1
18 1
40 8
38 40
11 35
35 2
3 18
18 31
8 14
8 34
24 38
38 36
11 7
28 11
21 2
19 2
3 26
3 41
31 37
31 15
20 14
14 32
10 34
34 33
4 24
24 27
13 36
16 36
7 43
7 6
42 28
28 5
21 17
21 9
19 30
25 19
26 39
26 29
41 12
22 41
37 44
7
3 5
5 2
6 2
6 7
7 1
4 1
14
8 14
7 2
3 8
11 3
6 11
6 5
1 5
10 1
10 7
5 12
2 9
12 13
2 4
4
4 2
1 4
1 3
9
7 9
2 7
1 2
6 1
4 9
9 3
8 3
5 9
2
1 2
49
3 5
3 20
20 38
38 49
49 16
16 4
27 4
10 27
10 11
40 11
40 44
2 44
2 8
8 42
6 42
25 6
29 25
35 29
35 32
32 17
17 18
7 18
39 7
22 39
22 36
36 48
48 9
9 12
13 12
13 33
33 14
14 43
26 43
47 26
1 47
28 1
30 28
23 30
46 5
5 31
5 15
5 45
3 24
37 7
11 41
48 34
13 19
21 3
11
1 7
7 6
6 3
3 11
11 5
2 1
1 10
8 1
9 1
1 4
24
17 11
20 11
3 20
11 1
16 3
11 8
8 15
6 11
15 19
4 6
12 19
10 12
15 13
20 2
19 18
13 24
23 3
24 22
24 9
13 5
21 5
9 14
1 7
10
6 7
7 5
5 1
4 1
8 4
9 8
3 9
2 3
10 2
8
2 1
3 2
3 5
5 8
8 6
7 6
4 7
51
20 15
15 3
15 14
16 15
15 46
27 46
12 15
5 14
49 3
12 30
46 17
46 28
37 12
17 45
12 50
10 28
28 24
13 50
13 32
13 48
17 8
37 7
19 10
39 24
11 48
9 48
13 36
42 11
39 41
39 21
36 51
4 7
2 42
43 39
22 21
35 43
35 26
2 23
26 47
6 26
35 18
38 6
33 2
31 33
33 34
34 1
40 18
6 29
47 25
44 18
36
13 32
25 13
25 23
10 23
14 10
14 16
31 16
24 31
24 9
9 8
8 22
22 12
12 20
18 20
18 29
27 29
15 27
32 7
28 32
35 32
11 32
34 32
32 17
32 3
12 6
2 18
3 36
5 2
5 1
11 33
10 26
13 30
21 1
4 25
19 15
4
3 4
2 4
1 2
9
4 3
2 4
5 2
6 2
9 5
9 1
3 8
7 3
4
1 4
3 1
2 3
10
2 1
1 9
2 8
4 8
4 5
4 7
6 2
3 5
7 10
8
5 2
8 2
2 6
5 4
6 7
1 6
1 3
5
2 4
2 3
3 1
2 5
