3000 1000000000
1 2 1 1
1 3 1 0
3 4 1 0
2 5 1 0
5 6 1 1
6 7 1 0
5 8 1 0
3 9 1 1
8 10 1 0
2 11 1 1
6 12 1 0
7 13 1 1
11 14 1 1
12 15 1 1
2 16 1 1
7 17 1 1
17 18 1 1
8 19 1 0
11 20 1 0
5 21 1 0
2 22 1 0
5 23 1 1
3 24 1 0
3 25 1 0
20 26 1 1
6 27 1 0
9 28 1 1
26 29 1 1
13 30 1 0
15 31 1 1
9 32 1 0
26 33 1 1
20 34 1 0
10 35 1 0
13 36 1 0
11 37 1 1
25 38 1 1
28 39 1 0
10 40 1 1
38 41 1 1
35 42 1 1
28 43 1 0
16 44 1 1
11 45 1 0
37 46 1 0
10 47 1 0
18 48 1 1
9 49 1 1
7 50 1 0
14 51 1 0
50 52 1 1
16 53 1 1
47 54 1 1
4 55 1 0
37 56 1 1
17 57 1 1
38 58 1 0
11 59 1 1
22 60 1 1
13 61 1 0
6 62 1 0
39 63 1 1
29 64 1 0
28 65 1 1
64 66 1 1
38 67 1 1
39 68 1 1
14 69 1 0
10 70 1 0
16 71 1 1
64 72 1 0
47 73 1 0
62 74 1 0
50 75 1 0
23 76 1 1
29 77 1 0
68 78 1 1
19 79 1 1
70 80 1 1
26 81 1 0
25 82 1 1
80 83 1 1
72 84 1 1
17 85 1 1
65 86 1 1
70 87 1 1
5 88 1 1
66 89 1 0
55 90 1 1
27 91 1 0
27 92 1 0
32 93 1 0
40 94 1 0
33 95 1 1
2 96 1 1
34 97 1 1
47 98 1 1
18 99 1 0
51 100 1 1
62 101 1 1
49 102 1 0
13 103 1 1
59 104 1 0
37 105 1 0
5 106 1 0
59 107 1 1
30 108 1 1
44 109 1 1
59 110 1 0
108 111 1 1
84 112 1 0
109 113 1 1
100 114 1 1
52 115 1 1
61 116 1 1
20 117 1 0
45 118 1 1
84 119 1 0
5 120 1 1
96 121 1 1
4 122 1 1
17 123 1 0
19 124 1 1
38 125 1 0
74 126 1 0
34 127 1 1
90 128 1 0
2 129 1 0
61 130 1 0
118 131 1 0
88 132 1 0
35 133 1 0
131 134 1 1
85 135 1 1
109 136 1 1
118 137 1 0
33 138 1 1
43 139 1 1
21 140 1 0
110 141 1 0
91 142 1 1
106 143 1 1
65 144 1 1
93 145 1 0
101 146 1 1
37 147 1 1
82 148 1 1
68 149 1 1
129 150 1 1
52 151 1 1
44 152 1 0
32 153 1 0
87 154 1 1
91 155 1 0
123 156 1 1
76 157 1 0
21 158 1 0
46 159 1 0
23 160 1 0
25 161 1 0
2 162 1 0
32 163 1 0
109 164 1 1
15 165 1 0
117 166 1 1
36 167 1 0
135 168 1 1
42 169 1 0
27 170 1 1
166 171 1 1
149 172 1 0
23 173 1 1
31 174 1 0
83 175 1 1
108 176 1 1
58 177 1 0
137 178 1 1
133 179 1 1
32 180 1 1
97 181 1 0
28 182 1 0
120 183 1 0
147 184 1 0
129 185 1 0
179 186 1 0
93 187 1 0
34 188 1 1
16 189 1 0
25 190 1 0
93 191 1 1
181 192 1 1
171 193 1 0
96 194 1 0
59 195 1 0
40 196 1 1
93 197 1 0
140 198 1 0
114 199 1 1
134 200 1 0
39 201 1 1
198 202 1 0
79 203 1 1
99 204 1 1
181 205 1 0
57 206 1 1
78 207 1 0
93 208 1 1
139 209 1 0
158 210 1 0
167 211 1 0
206 212 1 0
156 213 1 1
13 214 1 0
138 215 1 1
195 216 1 0
198 217 1 1
111 218 1 0
183 219 1 1
214 220 1 1
152 221 1 1
116 222 1 1
71 223 1 1
157 224 1 0
113 225 1 0
70 226 1 0
179 227 1 0
87 228 1 0
9 229 1 1
103 230 1 0
73 231 1 0
117 232 1 1
164 233 1 1
107 234 1 1
159 235 1 0
111 236 1 0
128 237 1 1
180 238 1 1
137 239 1 1
37 240 1 1
112 241 1 0
71 242 1 0
139 243 1 1
211 244 1 1
82 245 1 0
109 246 1 0
146 247 1 1
71 248 1 0
187 249 1 0
229 250 1 1
113 251 1 1
177 252 1 1
119 253 1 1
251 254 1 0
190 255 1 1
202 256 1 1
109 257 1 1
147 258 1 1
251 259 1 0
66 260 1 1
207 261 1 1
96 262 1 1
219 263 1 0
225 264 1 1
181 265 1 1
41 266 1 1
214 267 1 0
222 268 1 1
45 269 1 1
9 270 1 1
133 271 1 0
109 272 1 0
184 273 1 0
226 274 1 0
92 275 1 0
216 276 1 1
23 277 1 1
174 278 1 1
53 279 1 0
251 280 1 1
173 281 1 0
152 282 1 0
37 283 1 0
97 284 1 0
26 285 1 0
90 286 1 1
161 287 1 0
117 288 1 0
147 289 1 1
220 290 1 1
56 291 1 1
23 292 1 0
4 293 1 0
138 294 1 1
255 295 1 0
21 296 1 0
270 297 1 1
259 298 1 1
254 299 1 0
121 300 1 1
71 301 1 1
252 302 1 1
263 303 1 0
79 304 1 1
81 305 1 1
150 306 1 1
155 307 1 1
1 308 1 0
153 309 1 0
259 310 1 0
33 311 1 0
164 312 1 1
298 313 1 1
56 314 1 0
256 315 1 0
84 316 1 1
87 317 1 0
275 318 1 0
103 319 1 1
178 320 1 0
306 321 1 1
318 322 1 1
101 323 1 1
179 324 1 0
227 325 1 0
177 326 1 0
31 327 1 0
208 328 1 0
18 329 1 1
39 330 1 1
19 331 1 1
51 332 1 1
148 333 1 1
255 334 1 1
323 335 1 1
105 336 1 1
192 337 1 1
315 338 1 0
156 339 1 0
174 340 1 1
101 341 1 1
295 342 1 0
223 343 1 0
200 344 1 1
170 345 1 1
183 346 1 0
120 347 1 0
37 348 1 0
117 349 1 0
37 350 1 0
194 351 1 0
24 352 1 1
338 353 1 1
114 354 1 0
266 355 1 1
330 356 1 1
201 357 1 0
233 358 1 1
89 359 1 1
304 360 1 0
81 361 1 0
31 362 1 1
302 363 1 0
315 364 1 1
237 365 1 1
135 366 1 0
89 367 1 0
163 368 1 0
81 369 1 0
152 370 1 1
103 371 1 1
311 372 1 1
237 373 1 0
253 374 1 1
18 375 1 1
262 376 1 1
122 377 1 1
8 378 1 1
45 379 1 1
218 380 1 1
375 381 1 1
207 382 1 0
237 383 1 0
174 384 1 0
348 385 1 1
102 386 1 0
268 387 1 0
259 388 1 1
219 389 1 1
351 390 1 0
240 391 1 0
322 392 1 1
78 393 1 0
340 394 1 1
145 395 1 1
302 396 1 1
86 397 1 1
96 398 1 1
150 399 1 0
175 400 1 1
250 401 1 1
234 402 1 0
320 403 1 0
23 404 1 1
187 405 1 0
82 406 1 1
396 407 1 0
108 408 1 0
32 409 1 1
176 410 1 1
145 411 1 1
188 412 1 1
243 413 1 1
355 414 1 1
246 415 1 0
38 416 1 0
269 417 1 0
132 418 1 1
368 419 1 0
168 420 1 1
266 421 1 1
11 422 1 1
181 423 1 1
35 424 1 0
166 425 1 0
301 426 1 1
349 427 1 1
352 428 1 1
296 429 1 1
335 430 1 0
82 431 1 1
398 432 1 0
310 433 1 0
39 434 1 1
253 435 1 1
377 436 1 1
171 437 1 0
200 438 1 0
320 439 1 1
292 440 1 0
176 441 1 0
180 442 1 0
293 443 1 1
210 444 1 1
217 445 1 1
298 446 1 0
152 447 1 0
186 448 1 0
417 449 1 0
206 450 1 0
71 451 1 1
64 452 1 1
287 453 1 1
305 454 1 0
365 455 1 0
137 456 1 0
296 457 1 1
193 458 1 0
132 459 1 1
333 460 1 1
367 461 1 0
330 462 1 0
449 463 1 0
332 464 1 0
24 465 1 1
109 466 1 0
212 467 1 1
142 468 1 1
341 469 1 1
139 470 1 1
275 471 1 0
52 472 1 1
454 473 1 0
318 474 1 1
388 475 1 1
319 476 1 0
211 477 1 1
121 478 1 0
425 479 1 0
413 480 1 0
387 481 1 1
477 482 1 1
2 483 1 1
402 484 1 0
118 485 1 0
358 486 1 1
77 487 1 0
140 488 1 1
96 489 1 1
9 490 1 0
243 491 1 0
230 492 1 0
97 493 1 0
100 494 1 0
298 495 1 0
351 496 1 1
61 497 1 1
176 498 1 0
54 499 1 0
303 500 1 0
141 501 1 0
283 502 1 0
208 503 1 1
278 504 1 1
410 505 1 1
444 506 1 0
13 507 1 0
314 508 1 0
140 509 1 1
18 510 1 1
238 511 1 1
184 512 1 1
209 513 1 0
301 514 1 0
6 515 1 1
192 516 1 1
40 517 1 1
298 518 1 1
516 519 1 1
271 520 1 1
342 521 1 0
169 522 1 0
335 523 1 0
399 524 1 0
132 525 1 1
93 526 1 0
324 527 1 1
492 528 1 0
476 529 1 1
194 530 1 1
14 531 1 1
248 532 1 1
400 533 1 0
445 534 1 0
411 535 1 0
503 536 1 1
42 537 1 1
97 538 1 1
492 539 1 0
86 540 1 0
434 541 1 1
262 542 1 1
364 543 1 0
12 544 1 0
469 545 1 1
384 546 1 0
133 547 1 0
207 548 1 0
129 549 1 1
162 550 1 0
264 551 1 0
21 552 1 0
107 553 1 1
421 554 1 0
267 555 1 1
260 556 1 0
62 557 1 0
316 558 1 1
287 559 1 0
494 560 1 1
295 561 1 0
186 562 1 0
125 563 1 1
130 564 1 1
9 565 1 1
488 566 1 1
134 567 1 0
242 568 1 1
156 569 1 1
527 570 1 1
444 571 1 0
509 572 1 0
246 573 1 0
105 574 1 0
426 575 1 1
433 576 1 1
481 577 1 1
429 578 1 0
406 579 1 0
327 580 1 0
30 581 1 1
218 582 1 0
526 583 1 0
486 584 1 0
383 585 1 1
41 586 1 0
409 587 1 0
398 588 1 1
343 589 1 0
67 590 1 1
162 591 1 1
201 592 1 0
425 593 1 1
49 594 1 1
468 595 1 1
205 596 1 1
295 597 1 1
136 598 1 1
134 599 1 1
161 600 1 1
561 601 1 1
273 602 1 1
17 603 1 1
571 604 1 0
389 605 1 1
545 606 1 1
163 607 1 0
49 608 1 0
407 609 1 0
415 610 1 1
122 611 1 1
106 612 1 0
543 613 1 0
231 614 1 1
44 615 1 0
404 616 1 0
368 617 1 1
133 618 1 1
20 619 1 0
478 620 1 1
365 621 1 0
2 622 1 1
162 623 1 1
205 624 1 0
405 625 1 0
491 626 1 1
169 627 1 1
476 628 1 0
504 629 1 0
380 630 1 0
183 631 1 1
542 632 1 1
352 633 1 0
276 634 1 0
282 635 1 0
226 636 1 1
219 637 1 1
24 638 1 0
435 639 1 0
361 640 1 0
256 641 1 1
613 642 1 1
575 643 1 1
27 644 1 0
328 645 1 0
243 646 1 0
298 647 1 1
633 648 1 1
622 649 1 1
352 650 1 0
330 651 1 0
74 652 1 0
460 653 1 1
344 654 1 1
416 655 1 0
454 656 1 0
528 657 1 1
183 658 1 1
340 659 1 0
33 660 1 0
386 661 1 0
387 662 1 1
424 663 1 1
548 664 1 0
268 665 1 1
585 666 1 0
269 667 1 0
48 668 1 1
73 669 1 0
279 670 1 1
131 671 1 0
503 672 1 0
42 673 1 1
220 674 1 0
272 675 1 0
2 676 1 0
584 677 1 1
444 678 1 0
508 679 1 0
49 680 1 0
215 681 1 0
640 682 1 0
289 683 1 0
589 684 1 0
446 685 1 0
670 686 1 1
497 687 1 1
444 688 1 1
438 689 1 0
67 690 1 0
14 691 1 0
661 692 1 0
211 693 1 0
207 694 1 0
308 695 1 1
80 696 1 1
85 697 1 0
546 698 1 1
499 699 1 0
433 700 1 0
612 701 1 0
699 702 1 0
365 703 1 0
307 704 1 1
670 705 1 1
164 706 1 0
151 707 1 1
201 708 1 1
417 709 1 1
290 710 1 1
511 711 1 0
168 712 1 0
487 713 1 0
348 714 1 1
484 715 1 1
333 716 1 0
376 717 1 0
578 718 1 1
458 719 1 1
82 720 1 0
528 721 1 0
625 722 1 0
158 723 1 0
214 724 1 0
275 725 1 0
144 726 1 1
610 727 1 0
435 728 1 0
611 729 1 1
443 730 1 1
278 731 1 0
359 732 1 0
340 733 1 1
405 734 1 0
617 735 1 1
365 736 1 0
42 737 1 1
362 738 1 1
249 739 1 0
77 740 1 1
483 741 1 0
296 742 1 0
248 743 1 0
581 744 1 1
362 745 1 1
505 746 1 0
432 747 1 0
586 748 1 1
168 749 1 1
621 750 1 1
712 751 1 0
197 752 1 1
676 753 1 1
687 754 1 1
359 755 1 1
604 756 1 1
459 757 1 1
740 758 1 0
716 759 1 0
581 760 1 1
595 761 1 1
658 762 1 0
131 763 1 1
131 764 1 0
329 765 1 1
615 766 1 1
747 767 1 0
99 768 1 0
12 769 1 0
380 770 1 0
271 771 1 0
34 772 1 1
621 773 1 0
641 774 1 0
485 775 1 1
640 776 1 0
629 777 1 1
524 778 1 0
22 779 1 1
278 780 1 0
572 781 1 1
418 782 1 0
308 783 1 0
28 784 1 0
2 785 1 1
88 786 1 1
205 787 1 1
181 788 1 0
774 789 1 1
493 790 1 1
677 791 1 1
284 792 1 0
108 793 1 0
692 794 1 0
191 795 1 0
301 796 1 0
384 797 1 0
518 798 1 0
363 799 1 0
151 800 1 0
795 801 1 0
247 802 1 1
402 803 1 1
79 804 1 0
215 805 1 0
607 806 1 1
147 807 1 1
23 808 1 0
727 809 1 1
550 810 1 0
475 811 1 1
726 812 1 0
131 813 1 1
334 814 1 1
580 815 1 0
441 816 1 0
505 817 1 0
764 818 1 1
547 819 1 0
351 820 1 1
461 821 1 1
801 822 1 1
280 823 1 0
149 824 1 1
485 825 1 0
808 826 1 1
599 827 1 0
770 828 1 1
180 829 1 0
219 830 1 1
245 831 1 1
28 832 1 0
367 833 1 1
757 834 1 1
654 835 1 1
137 836 1 0
238 837 1 1
52 838 1 1
472 839 1 1
187 840 1 0
626 841 1 1
713 842 1 0
161 843 1 0
343 844 1 0
721 845 1 1
449 846 1 0
237 847 1 0
703 848 1 1
459 849 1 1
388 850 1 1
453 851 1 0
77 852 1 1
359 853 1 0
458 854 1 0
310 855 1 0
505 856 1 0
723 857 1 0
721 858 1 1
584 859 1 1
631 860 1 1
147 861 1 0
439 862 1 1
500 863 1 0
58 864 1 0
779 865 1 0
450 866 1 0
251 867 1 0
659 868 1 0
445 869 1 1
805 870 1 1
610 871 1 1
672 872 1 0
19 873 1 1
119 874 1 1
207 875 1 1
749 876 1 1
356 877 1 0
177 878 1 1
849 879 1 0
93 880 1 1
726 881 1 0
540 882 1 1
192 883 1 0
621 884 1 1
318 885 1 0
764 886 1 0
660 887 1 1
193 888 1 0
411 889 1 1
759 890 1 1
283 891 1 1
145 892 1 0
335 893 1 1
437 894 1 1
249 895 1 0
745 896 1 0
314 897 1 1
577 898 1 0
95 899 1 1
179 900 1 1
437 901 1 1
893 902 1 0
464 903 1 0
740 904 1 1
857 905 1 0
507 906 1 0
487 907 1 1
363 908 1 1
864 909 1 1
48 910 1 0
900 911 1 0
606 912 1 0
273 913 1 0
900 914 1 1
639 915 1 1
533 916 1 1
696 917 1 0
614 918 1 0
142 919 1 0
502 920 1 0
443 921 1 1
467 922 1 1
262 923 1 1
218 924 1 0
414 925 1 1
614 926 1 1
164 927 1 0
394 928 1 1
20 929 1 1
175 930 1 0
689 931 1 1
120 932 1 0
265 933 1 1
570 934 1 0
80 935 1 0
530 936 1 0
483 937 1 1
211 938 1 0
295 939 1 0
237 940 1 1
475 941 1 1
66 942 1 0
656 943 1 1
561 944 1 0
424 945 1 0
87 946 1 1
156 947 1 0
66 948 1 1
76 949 1 1
692 950 1 0
339 951 1 1
130 952 1 0
925 953 1 1
950 954 1 1
749 955 1 0
217 956 1 0
246 957 1 1
703 958 1 1
36 959 1 0
622 960 1 0
760 961 1 1
913 962 1 1
567 963 1 0
798 964 1 1
806 965 1 0
859 966 1 1
38 967 1 1
251 968 1 1
607 969 1 0
394 970 1 0
504 971 1 1
38 972 1 1
487 973 1 1
310 974 1 0
458 975 1 1
871 976 1 1
431 977 1 0
285 978 1 0
531 979 1 0
563 980 1 1
723 981 1 0
144 982 1 0
248 983 1 1
626 984 1 0
658 985 1 1
524 986 1 1
11 987 1 0
938 988 1 0
537 989 1 0
571 990 1 1
802 991 1 0
618 992 1 0
973 993 1 1
612 994 1 0
304 995 1 1
422 996 1 1
760 997 1 0
577 998 1 1
164 999 1 1
662 1000 1 0
543 1001 1 0
726 1002 1 0
22 1003 1 0
646 1004 1 1
984 1005 1 0
705 1006 1 1
217 1007 1 1
658 1008 1 0
503 1009 1 1
58 1010 1 1
153 1011 1 1
134 1012 1 1
886 1013 1 1
435 1014 1 0
899 1015 1 0
111 1016 1 1
538 1017 1 0
700 1018 1 0
758 1019 1 0
575 1020 1 1
972 1021 1 0
128 1022 1 1
857 1023 1 1
187 1024 1 1
449 1025 1 0
601 1026 1 0
108 1027 1 0
388 1028 1 1
580 1029 1 1
651 1030 1 0
723 1031 1 1
679 1032 1 0
955 1033 1 0
853 1034 1 1
983 1035 1 1
1019 1036 1 0
488 1037 1 1
53 1038 1 0
377 1039 1 0
494 1040 1 0
792 1041 1 1
980 1042 1 1
901 1043 1 0
714 1044 1 0
211 1045 1 0
593 1046 1 1
302 1047 1 0
239 1048 1 0
184 1049 1 0
425 1050 1 0
989 1051 1 1
264 1052 1 1
174 1053 1 0
905 1054 1 0
953 1055 1 1
425 1056 1 0
340 1057 1 0
571 1058 1 1
57 1059 1 0
129 1060 1 0
133 1061 1 0
855 1062 1 0
772 1063 1 1
57 1064 1 0
822 1065 1 1
452 1066 1 1
23 1067 1 0
674 1068 1 0
173 1069 1 1
224 1070 1 1
975 1071 1 1
836 1072 1 1
324 1073 1 1
962 1074 1 1
35 1075 1 1
620 1076 1 0
657 1077 1 1
336 1078 1 1
682 1079 1 1
796 1080 1 1
1042 1081 1 0
745 1082 1 1
51 1083 1 0
73 1084 1 0
1005 1085 1 0
96 1086 1 1
787 1087 1 1
364 1088 1 1
872 1089 1 0
284 1090 1 0
382 1091 1 1
577 1092 1 0
468 1093 1 1
347 1094 1 0
762 1095 1 1
316 1096 1 0
316 1097 1 1
593 1098 1 1
1052 1099 1 1
444 1100 1 1
868 1101 1 1
168 1102 1 0
844 1103 1 0
473 1104 1 1
835 1105 1 1
406 1106 1 0
238 1107 1 0
24 1108 1 0
550 1109 1 1
943 1110 1 0
305 1111 1 1
366 1112 1 0
371 1113 1 0
786 1114 1 0
668 1115 1 0
352 1116 1 1
153 1117 1 1
287 1118 1 0
592 1119 1 0
614 1120 1 1
357 1121 1 0
928 1122 1 0
1088 1123 1 0
358 1124 1 1
574 1125 1 1
830 1126 1 1
645 1127 1 0
374 1128 1 0
285 1129 1 0
134 1130 1 1
925 1131 1 0
881 1132 1 1
803 1133 1 0
902 1134 1 1
268 1135 1 1
335 1136 1 1
997 1137 1 0
318 1138 1 1
1061 1139 1 1
316 1140 1 1
573 1141 1 1
302 1142 1 1
273 1143 1 1
120 1144 1 0
698 1145 1 0
228 1146 1 1
748 1147 1 0
880 1148 1 0
584 1149 1 1
265 1150 1 1
357 1151 1 1
555 1152 1 1
1096 1153 1 0
775 1154 1 0
748 1155 1 1
943 1156 1 1
731 1157 1 0
837 1158 1 1
237 1159 1 1
33 1160 1 1
565 1161 1 0
487 1162 1 0
65 1163 1 0
1163 1164 1 0
645 1165 1 1
735 1166 1 1
37 1167 1 1
1055 1168 1 0
430 1169 1 0
119 1170 1 1
1086 1171 1 1
435 1172 1 0
435 1173 1 1
717 1174 1 1
1098 1175 1 1
1171 1176 1 1
1139 1177 1 0
367 1178 1 1
526 1179 1 0
114 1180 1 0
837 1181 1 1
813 1182 1 0
316 1183 1 1
565 1184 1 0
652 1185 1 1
75 1186 1 1
439 1187 1 0
1063 1188 1 1
1033 1189 1 1
1138 1190 1 1
113 1191 1 1
50 1192 1 1
492 1193 1 0
957 1194 1 1
1042 1195 1 0
446 1196 1 1
385 1197 1 1
132 1198 1 1
810 1199 1 1
432 1200 1 0
693 1201 1 0
1104 1202 1 1
1180 1203 1 1
280 1204 1 1
909 1205 1 1
418 1206 1 0
1137 1207 1 1
444 1208 1 1
567 1209 1 0
900 1210 1 1
220 1211 1 1
119 1212 1 0
695 1213 1 1
311 1214 1 0
451 1215 1 1
449 1216 1 0
1120 1217 1 1
307 1218 1 0
934 1219 1 0
84 1220 1 0
334 1221 1 1
825 1222 1 0
416 1223 1 0
426 1224 1 0
1150 1225 1 1
611 1226 1 1
751 1227 1 1
1038 1228 1 0
393 1229 1 1
610 1230 1 1
489 1231 1 0
226 1232 1 0
853 1233 1 0
1050 1234 1 0
873 1235 1 1
1013 1236 1 0
662 1237 1 1
440 1238 1 0
739 1239 1 1
1123 1240 1 1
542 1241 1 0
1214 1242 1 1
698 1243 1 1
465 1244 1 0
806 1245 1 0
182 1246 1 0
356 1247 1 1
269 1248 1 0
1220 1249 1 0
207 1250 1 1
368 1251 1 0
933 1252 1 1
738 1253 1 0
1096 1254 1 0
279 1255 1 1
88 1256 1 0
671 1257 1 0
79 1258 1 1
143 1259 1 1
149 1260 1 1
611 1261 1 1
1221 1262 1 0
591 1263 1 1
906 1264 1 1
179 1265 1 0
211 1266 1 1
745 1267 1 1
1085 1268 1 1
444 1269 1 0
179 1270 1 0
335 1271 1 1
997 1272 1 0
79 1273 1 1
212 1274 1 1
817 1275 1 0
130 1276 1 1
68 1277 1 0
607 1278 1 0
268 1279 1 1
281 1280 1 0
281 1281 1 0
1059 1282 1 1
263 1283 1 1
16 1284 1 0
819 1285 1 0
235 1286 1 0
9 1287 1 0
960 1288 1 0
757 1289 1 0
532 1290 1 1
348 1291 1 0
157 1292 1 1
120 1293 1 0
1145 1294 1 1
940 1295 1 0
555 1296 1 0
354 1297 1 1
1274 1298 1 0
671 1299 1 0
391 1300 1 0
586 1301 1 0
625 1302 1 1
1195 1303 1 1
1151 1304 1 1
509 1305 1 0
1068 1306 1 0
594 1307 1 0
780 1308 1 0
494 1309 1 0
12 1310 1 0
1195 1311 1 0
1067 1312 1 1
1000 1313 1 0
68 1314 1 1
1039 1315 1 0
920 1316 1 0
1039 1317 1 0
569 1318 1 1
417 1319 1 1
648 1320 1 0
536 1321 1 1
932 1322 1 1
616 1323 1 1
404 1324 1 0
393 1325 1 0
704 1326 1 1
224 1327 1 1
1066 1328 1 1
699 1329 1 1
515 1330 1 1
63 1331 1 0
500 1332 1 0
958 1333 1 1
1254 1334 1 0
226 1335 1 1
133 1336 1 1
1000 1337 1 1
1127 1338 1 1
713 1339 1 0
1091 1340 1 1
685 1341 1 0
611 1342 1 0
450 1343 1 1
1208 1344 1 1
116 1345 1 0
684 1346 1 1
569 1347 1 1
1006 1348 1 0
14 1349 1 0
329 1350 1 0
860 1351 1 1
686 1352 1 0
482 1353 1 0
680 1354 1 0
563 1355 1 1
531 1356 1 0
1243 1357 1 0
1067 1358 1 1
145 1359 1 0
596 1360 1 0
530 1361 1 0
911 1362 1 1
138 1363 1 1
501 1364 1 1
322 1365 1 0
745 1366 1 0
537 1367 1 0
946 1368 1 0
1232 1369 1 1
712 1370 1 0
1050 1371 1 1
290 1372 1 0
964 1373 1 0
243 1374 1 0
569 1375 1 0
9 1376 1 1
221 1377 1 0
1016 1378 1 0
1291 1379 1 0
528 1380 1 1
820 1381 1 1
62 1382 1 0
581 1383 1 0
149 1384 1 0
1147 1385 1 0
390 1386 1 1
1350 1387 1 1
1100 1388 1 1
1326 1389 1 1
968 1390 1 0
949 1391 1 0
429 1392 1 0
611 1393 1 1
1196 1394 1 0
16 1395 1 0
1151 1396 1 1
653 1397 1 1
182 1398 1 0
684 1399 1 1
763 1400 1 1
1262 1401 1 1
1050 1402 1 0
1295 1403 1 0
221 1404 1 1
1288 1405 1 0
1306 1406 1 0
632 1407 1 1
647 1408 1 0
1127 1409 1 0
791 1410 1 0
162 1411 1 0
1041 1412 1 0
1099 1413 1 1
981 1414 1 1
646 1415 1 1
962 1416 1 1
1140 1417 1 0
24 1418 1 1
1215 1419 1 0
1046 1420 1 0
239 1421 1 0
1235 1422 1 0
594 1423 1 0
106 1424 1 1
926 1425 1 1
911 1426 1 0
1209 1427 1 1
583 1428 1 0
559 1429 1 1
86 1430 1 0
834 1431 1 0
219 1432 1 1
610 1433 1 0
568 1434 1 1
460 1435 1 0
1349 1436 1 0
748 1437 1 1
606 1438 1 1
329 1439 1 0
240 1440 1 1
173 1441 1 1
621 1442 1 1
598 1443 1 1
178 1444 1 1
257 1445 1 1
812 1446 1 0
382 1447 1 0
983 1448 1 1
123 1449 1 1
552 1450 1 1
88 1451 1 0
1081 1452 1 0
1087 1453 1 1
376 1454 1 1
870 1455 1 0
802 1456 1 1
216 1457 1 1
891 1458 1 0
151 1459 1 1
444 1460 1 1
419 1461 1 1
369 1462 1 1
624 1463 1 0
631 1464 1 0
70 1465 1 0
1423 1466 1 0
171 1467 1 0
621 1468 1 0
874 1469 1 0
244 1470 1 1
222 1471 1 1
123 1472 1 1
969 1473 1 1
1266 1474 1 0
8 1475 1 0
37 1476 1 1
140 1477 1 0
247 1478 1 1
1295 1479 1 0
513 1480 1 0
993 1481 1 1
253 1482 1 0
268 1483 1 0
656 1484 1 1
880 1485 1 1
47 1486 1 0
1401 1487 1 0
232 1488 1 1
1458 1489 1 0
478 1490 1 0
1406 1491 1 0
112 1492 1 0
939 1493 1 0
952 1494 1 1
213 1495 1 1
580 1496 1 1
336 1497 1 1
618 1498 1 1
1192 1499 1 1
32 1500 1 0
422 1501 1 1
125 1502 1 0
676 1503 1 0
563 1504 1 1
795 1505 1 0
1067 1506 1 1
398 1507 1 0
1121 1508 1 0
802 1509 1 0
624 1510 1 1
1372 1511 1 0
1485 1512 1 1
758 1513 1 1
886 1514 1 1
1125 1515 1 0
8 1516 1 0
341 1517 1 0
995 1518 1 0
864 1519 1 1
1249 1520 1 0
1312 1521 1 1
1078 1522 1 1
867 1523 1 0
228 1524 1 1
698 1525 1 1
546 1526 1 1
83 1527 1 0
1298 1528 1 0
957 1529 1 0
629 1530 1 1
1370 1531 1 1
1301 1532 1 0
71 1533 1 0
160 1534 1 0
991 1535 1 0
200 1536 1 1
330 1537 1 1
1417 1538 1 1
914 1539 1 0
957 1540 1 0
352 1541 1 1
244 1542 1 0
842 1543 1 0
425 1544 1 0
1072 1545 1 1
417 1546 1 0
528 1547 1 0
1389 1548 1 1
386 1549 1 1
1079 1550 1 0
1415 1551 1 1
141 1552 1 1
501 1553 1 0
810 1554 1 0
1136 1555 1 0
1416 1556 1 0
733 1557 1 0
1112 1558 1 1
782 1559 1 1
808 1560 1 0
821 1561 1 0
308 1562 1 1
1364 1563 1 1
1134 1564 1 1
1505 1565 1 0
781 1566 1 1
529 1567 1 0
1252 1568 1 1
902 1569 1 1
729 1570 1 1
93 1571 1 1
1188 1572 1 0
644 1573 1 0
134 1574 1 0
222 1575 1 1
480 1576 1 1
923 1577 1 1
631 1578 1 0
1335 1579 1 1
418 1580 1 1
1372 1581 1 1
547 1582 1 0
367 1583 1 0
281 1584 1 1
528 1585 1 1
197 1586 1 1
1545 1587 1 0
802 1588 1 1
202 1589 1 1
694 1590 1 1
939 1591 1 0
1145 1592 1 0
953 1593 1 1
886 1594 1 1
1414 1595 1 0
433 1596 1 0
1102 1597 1 1
351 1598 1 1
454 1599 1 0
1108 1600 1 1
570 1601 1 0
1336 1602 1 0
1037 1603 1 1
813 1604 1 1
247 1605 1 0
1245 1606 1 1
69 1607 1 0
1352 1608 1 1
1113 1609 1 1
743 1610 1 1
1435 1611 1 1
1323 1612 1 0
607 1613 1 0
872 1614 1 1
1182 1615 1 1
1448 1616 1 0
1103 1617 1 0
777 1618 1 0
1211 1619 1 1
454 1620 1 0
1179 1621 1 1
507 1622 1 0
114 1623 1 1
444 1624 1 1
568 1625 1 1
1412 1626 1 0
370 1627 1 1
758 1628 1 1
962 1629 1 0
329 1630 1 1
1053 1631 1 0
401 1632 1 1
1234 1633 1 0
1077 1634 1 0
1025 1635 1 0
86 1636 1 0
204 1637 1 0
1304 1638 1 0
1636 1639 1 1
392 1640 1 1
648 1641 1 1
993 1642 1 1
942 1643 1 1
183 1644 1 0
1449 1645 1 1
1324 1646 1 1
201 1647 1 0
528 1648 1 0
1041 1649 1 0
544 1650 1 1
693 1651 1 1
575 1652 1 0
1384 1653 1 0
1311 1654 1 1
335 1655 1 0
335 1656 1 1
175 1657 1 0
1138 1658 1 0
914 1659 1 0
405 1660 1 1
1147 1661 1 1
310 1662 1 0
263 1663 1 1
1542 1664 1 1
1261 1665 1 0
127 1666 1 1
1305 1667 1 0
147 1668 1 1
1378 1669 1 0
1263 1670 1 0
218 1671 1 1
467 1672 1 0
1632 1673 1 1
27 1674 1 1
1020 1675 1 1
986 1676 1 0
1146 1677 1 0
1366 1678 1 0
388 1679 1 1
826 1680 1 0
1264 1681 1 1
504 1682 1 1
107 1683 1 1
1393 1684 1 1
890 1685 1 1
1075 1686 1 0
1602 1687 1 1
601 1688 1 1
890 1689 1 1
52 1690 1 0
1230 1691 1 0
1531 1692 1 0
899 1693 1 0
182 1694 1 0
1329 1695 1 0
1453 1696 1 0
636 1697 1 0
766 1698 1 1
1527 1699 1 0
748 1700 1 1
905 1701 1 1
1464 1702 1 0
1125 1703 1 1
579 1704 1 1
1496 1705 1 1
1165 1706 1 1
454 1707 1 0
266 1708 1 1
674 1709 1 1
977 1710 1 0
868 1711 1 1
337 1712 1 1
1130 1713 1 0
1048 1714 1 1
851 1715 1 0
442 1716 1 1
650 1717 1 0
750 1718 1 1
1664 1719 1 0
1464 1720 1 0
387 1721 1 0
685 1722 1 0
1407 1723 1 1
284 1724 1 1
43 1725 1 1
684 1726 1 0
1156 1727 1 0
1182 1728 1 1
462 1729 1 1
1592 1730 1 0
1465 1731 1 0
1011 1732 1 0
638 1733 1 1
1409 1734 1 1
1450 1735 1 0
1637 1736 1 0
934 1737 1 1
1186 1738 1 0
458 1739 1 0
402 1740 1 1
1362 1741 1 0
330 1742 1 0
1406 1743 1 1
330 1744 1 1
1656 1745 1 0
432 1746 1 0
1431 1747 1 1
476 1748 1 0
1255 1749 1 1
199 1750 1 1
291 1751 1 0
986 1752 1 1
336 1753 1 1
1170 1754 1 0
79 1755 1 0
1679 1756 1 0
1571 1757 1 1
1316 1758 1 1
286 1759 1 1
1343 1760 1 1
1660 1761 1 0
847 1762 1 0
1582 1763 1 1
749 1764 1 1
1363 1765 1 0
1675 1766 1 0
1733 1767 1 1
1509 1768 1 0
1223 1769 1 1
715 1770 1 0
8 1771 1 0
777 1772 1 1
17 1773 1 0
254 1774 1 0
1417 1775 1 0
579 1776 1 1
1429 1777 1 0
1606 1778 1 1
1085 1779 1 1
92 1780 1 0
722 1781 1 1
1117 1782 1 0
1475 1783 1 1
1545 1784 1 1
1503 1785 1 0
231 1786 1 0
1646 1787 1 0
408 1788 1 1
970 1789 1 1
114 1790 1 0
142 1791 1 0
481 1792 1 0
1352 1793 1 0
194 1794 1 0
1782 1795 1 1
566 1796 1 1
1281 1797 1 0
1611 1798 1 1
1427 1799 1 0
391 1800 1 0
674 1801 1 1
367 1802 1 1
1399 1803 1 0
651 1804 1 0
393 1805 1 1
939 1806 1 0
991 1807 1 0
969 1808 1 1
98 1809 1 1
853 1810 1 0
1417 1811 1 1
1508 1812 1 0
1085 1813 1 0
518 1814 1 0
1004 1815 1 1
492 1816 1 1
268 1817 1 0
410 1818 1 1
1058 1819 1 1
1259 1820 1 0
1013 1821 1 1
1092 1822 1 0
25 1823 1 0
822 1824 1 1
1342 1825 1 0
128 1826 1 0
204 1827 1 0
357 1828 1 1
229 1829 1 0
296 1830 1 0
453 1831 1 0
429 1832 1 1
167 1833 1 1
775 1834 1 0
1043 1835 1 0
209 1836 1 1
1764 1837 1 1
189 1838 1 1
896 1839 1 0
1610 1840 1 1
370 1841 1 1
1758 1842 1 0
351 1843 1 1
533 1844 1 0
199 1845 1 1
895 1846 1 1
7 1847 1 1
339 1848 1 1
241 1849 1 1
1667 1850 1 1
1542 1851 1 0
410 1852 1 1
1663 1853 1 0
1460 1854 1 1
441 1855 1 1
392 1856 1 0
1265 1857 1 1
1042 1858 1 1
502 1859 1 1
1220 1860 1 0
1739 1861 1 1
1686 1862 1 1
850 1863 1 0
490 1864 1 0
391 1865 1 0
222 1866 1 1
1556 1867 1 0
789 1868 1 0
55 1869 1 0
1141 1870 1 0
1498 1871 1 1
577 1872 1 0
1587 1873 1 1
1573 1874 1 0
343 1875 1 1
939 1876 1 0
863 1877 1 0
1717 1878 1 0
1206 1879 1 0
655 1880 1 1
547 1881 1 1
1612 1882 1 1
698 1883 1 0
1565 1884 1 1
453 1885 1 1
260 1886 1 0
570 1887 1 1
1023 1888 1 0
1203 1889 1 0
77 1890 1 1
1723 1891 1 1
520 1892 1 1
535 1893 1 1
173 1894 1 1
1693 1895 1 0
1015 1896 1 1
594 1897 1 0
771 1898 1 1
1519 1899 1 1
897 1900 1 0
58 1901 1 0
452 1902 1 0
1287 1903 1 0
1520 1904 1 1
354 1905 1 1
962 1906 1 1
684 1907 1 1
176 1908 1 0
1538 1909 1 0
1619 1910 1 1
604 1911 1 1
729 1912 1 1
1626 1913 1 1
1208 1914 1 1
552 1915 1 1
848 1916 1 0
1264 1917 1 0
1337 1918 1 1
1777 1919 1 1
615 1920 1 0
28 1921 1 1
1904 1922 1 1
297 1923 1 1
1830 1924 1 1
658 1925 1 0
1844 1926 1 1
1319 1927 1 0
1658 1928 1 0
1645 1929 1 0
659 1930 1 0
76 1931 1 0
197 1932 1 1
1535 1933 1 0
299 1934 1 0
1584 1935 1 1
339 1936 1 1
1575 1937 1 1
1802 1938 1 0
777 1939 1 0
209 1940 1 1
1812 1941 1 0
828 1942 1 0
945 1943 1 0
1894 1944 1 1
3 1945 1 0
1582 1946 1 1
1101 1947 1 0
1436 1948 1 0
1436 1949 1 1
1125 1950 1 1
784 1951 1 0
1833 1952 1 1
936 1953 1 0
1890 1954 1 0
1698 1955 1 1
939 1956 1 0
1703 1957 1 1
1049 1958 1 0
1251 1959 1 1
1434 1960 1 1
259 1961 1 1
1473 1962 1 0
1211 1963 1 0
346 1964 1 0
845 1965 1 0
1608 1966 1 1
177 1967 1 1
1966 1968 1 0
702 1969 1 1
569 1970 1 1
1085 1971 1 1
1388 1972 1 1
1385 1973 1 1
1425 1974 1 0
1921 1975 1 1
868 1976 1 0
436 1977 1 1
684 1978 1 0
1207 1979 1 0
310 1980 1 0
142 1981 1 0
1732 1982 1 0
1717 1983 1 0
206 1984 1 0
1029 1985 1 1
153 1986 1 1
1573 1987 1 0
1419 1988 1 1
1520 1989 1 0
1447 1990 1 1
608 1991 1 1
1990 1992 1 0
1359 1993 1 1
268 1994 1 0
1733 1995 1 1
1049 1996 1 1
1153 1997 1 1
1405 1998 1 1
1150 1999 1 0
87 2000 1 1
646 2001 1 0
143 2002 1 1
444 2003 1 1
1635 2004 1 0
926 2005 1 1
1960 2006 1 0
1023 2007 1 1
564 2008 1 1
820 2009 1 0
397 2010 1 0
625 2011 1 0
650 2012 1 0
1297 2013 1 1
1016 2014 1 1
922 2015 1 1
226 2016 1 1
48 2017 1 0
1816 2018 1 1
735 2019 1 0
716 2020 1 1
172 2021 1 0
422 2022 1 1
904 2023 1 1
1689 2024 1 0
1346 2025 1 0
1101 2026 1 0
1205 2027 1 1
714 2028 1 0
650 2029 1 0
631 2030 1 1
178 2031 1 1
191 2032 1 1
1368 2033 1 0
1949 2034 1 1
1643 2035 1 0
1174 2036 1 0
509 2037 1 1
255 2038 1 0
55 2039 1 1
226 2040 1 0
1439 2041 1 0
1447 2042 1 0
33 2043 1 0
1086 2044 1 0
1677 2045 1 1
466 2046 1 0
206 2047 1 1
1499 2048 1 0
299 2049 1 0
459 2050 1 0
1884 2051 1 0
1699 2052 1 1
574 2053 1 0
769 2054 1 0
926 2055 1 1
170 2056 1 0
546 2057 1 1
383 2058 1 1
244 2059 1 1
1489 2060 1 0
164 2061 1 0
800 2062 1 1
550 2063 1 1
1791 2064 1 1
1607 2065 1 0
726 2066 1 1
1055 2067 1 0
857 2068 1 0
1739 2069 1 0
1148 2070 1 0
1675 2071 1 1
90 2072 1 0
1489 2073 1 1
948 2074 1 1
809 2075 1 0
588 2076 1 1
1504 2077 1 1
1613 2078 1 0
1290 2079 1 0
293 2080 1 1
839 2081 1 1
901 2082 1 0
1534 2083 1 1
1248 2084 1 1
1629 2085 1 0
1729 2086 1 0
1035 2087 1 1
1678 2088 1 1
2041 2089 1 1
1823 2090 1 1
444 2091 1 1
1098 2092 1 1
883 2093 1 1
1707 2094 1 1
993 2095 1 1
423 2096 1 1
1426 2097 1 1
820 2098 1 1
853 2099 1 1
1694 2100 1 0
617 2101 1 0
226 2102 1 1
100 2103 1 1
1537 2104 1 0
1706 2105 1 1
993 2106 1 0
1836 2107 1 0
1315 2108 1 1
1524 2109 1 1
293 2110 1 0
931 2111 1 1
1710 2112 1 1
1191 2113 1 1
786 2114 1 0
253 2115 1 1
1250 2116 1 1
317 2117 1 0
1916 2118 1 1
810 2119 1 0
1662 2120 1 0
1045 2121 1 1
250 2122 1 1
1163 2123 1 0
1155 2124 1 1
297 2125 1 1
1350 2126 1 1
1679 2127 1 0
335 2128 1 0
492 2129 1 1
567 2130 1 1
1361 2131 1 1
63 2132 1 0
823 2133 1 0
1507 2134 1 0
266 2135 1 1
1710 2136 1 0
2034 2137 1 0
860 2138 1 0
1097 2139 1 0
2047 2140 1 0
775 2141 1 1
336 2142 1 1
817 2143 1 1
1670 2144 1 1
1308 2145 1 0
1146 2146 1 1
1350 2147 1 0
1118 2148 1 1
1196 2149 1 1
920 2150 1 1
624 2151 1 1
633 2152 1 1
737 2153 1 1
1345 2154 1 1
1178 2155 1 1
440 2156 1 0
34 2157 1 0
1151 2158 1 1
1180 2159 1 0
2022 2160 1 0
1295 2161 1 0
1486 2162 1 0
1751 2163 1 1
1701 2164 1 1
1036 2165 1 1
191 2166 1 0
253 2167 1 0
419 2168 1 0
1404 2169 1 0
692 2170 1 1
1979 2171 1 0
1268 2172 1 0
1464 2173 1 1
1516 2174 1 1
1459 2175 1 1
89 2176 1 0
2099 2177 1 0
58 2178 1 1
706 2179 1 0
2046 2180 1 0
1180 2181 1 1
861 2182 1 1
205 2183 1 1
1461 2184 1 0
295 2185 1 0
650 2186 1 0
141 2187 1 1
1796 2188 1 0
1968 2189 1 0
1252 2190 1 0
1787 2191 1 0
2124 2192 1 0
270 2193 1 0
1046 2194 1 1
562 2195 1 1
379 2196 1 1
481 2197 1 0
1173 2198 1 0
1323 2199 1 1
601 2200 1 1
228 2201 1 1
573 2202 1 1
1984 2203 1 1
530 2204 1 1
1331 2205 1 0
404 2206 1 1
266 2207 1 1
116 2208 1 1
1211 2209 1 1
98 2210 1 1
1449 2211 1 0
1148 2212 1 1
2037 2213 1 1
1782 2214 1 1
831 2215 1 0
958 2216 1 0
376 2217 1 0
695 2218 1 1
2013 2219 1 1
1572 2220 1 0
1071 2221 1 0
21 2222 1 0
627 2223 1 0
2063 2224 1 1
1722 2225 1 0
716 2226 1 0
1522 2227 1 0
1899 2228 1 0
1302 2229 1 0
290 2230 1 0
2183 2231 1 1
274 2232 1 0
1219 2233 1 1
1476 2234 1 0
192 2235 1 1
1641 2236 1 0
483 2237 1 1
1395 2238 1 1
1166 2239 1 1
390 2240 1 1
471 2241 1 0
312 2242 1 1
984 2243 1 1
1485 2244 1 0
346 2245 1 0
1670 2246 1 0
2186 2247 1 1
364 2248 1 1
366 2249 1 0
1708 2250 1 0
542 2251 1 1
269 2252 1 1
2151 2253 1 1
2065 2254 1 0
688 2255 1 1
1532 2256 1 1
1858 2257 1 1
1838 2258 1 1
1805 2259 1 1
2181 2260 1 0
1549 2261 1 1
1200 2262 1 0
1628 2263 1 0
152 2264 1 0
1187 2265 1 0
1934 2266 1 1
952 2267 1 0
1830 2268 1 0
732 2269 1 1
1565 2270 1 1
2197 2271 1 0
1118 2272 1 0
1017 2273 1 1
696 2274 1 0
1903 2275 1 1
237 2276 1 1
1470 2277 1 1
1814 2278 1 1
1637 2279 1 1
1793 2280 1 1
1571 2281 1 0
1064 2282 1 1
380 2283 1 1
1825 2284 1 1
237 2285 1 0
1 2286 1 0
1123 2287 1 0
1099 2288 1 1
1137 2289 1 0
323 2290 1 1
1838 2291 1 1
559 2292 1 0
638 2293 1 0
1251 2294 1 1
2059 2295 1 1
468 2296 1 0
1778 2297 1 0
492 2298 1 1
1292 2299 1 0
689 2300 1 1
716 2301 1 0
1715 2302 1 0
489 2303 1 1
820 2304 1 0
1648 2305 1 1
1163 2306 1 0
1231 2307 1 0
2266 2308 1 1
1802 2309 1 0
665 2310 1 0
1382 2311 1 0
936 2312 1 1
1994 2313 1 1
555 2314 1 1
1444 2315 1 0
764 2316 1 0
177 2317 1 1
2255 2318 1 1
1532 2319 1 1
577 2320 1 1
1894 2321 1 1
89 2322 1 1
1438 2323 1 0
1102 2324 1 1
34 2325 1 1
1879 2326 1 0
1228 2327 1 0
1194 2328 1 1
784 2329 1 0
68 2330 1 0
420 2331 1 0
1417 2332 1 0
1374 2333 1 0
1664 2334 1 1
1425 2335 1 1
1659 2336 1 0
2238 2337 1 0
1758 2338 1 0
144 2339 1 0
1460 2340 1 1
2150 2341 1 0
1475 2342 1 1
925 2343 1 0
2301 2344 1 1
823 2345 1 0
814 2346 1 1
452 2347 1 0
926 2348 1 1
1411 2349 1 1
1702 2350 1 1
1921 2351 1 0
951 2352 1 1
529 2353 1 0
1368 2354 1 1
1768 2355 1 0
1135 2356 1 0
161 2357 1 1
427 2358 1 0
1324 2359 1 0
521 2360 1 0
1906 2361 1 0
1032 2362 1 0
842 2363 1 0
146 2364 1 0
385 2365 1 0
2346 2366 1 1
562 2367 1 0
188 2368 1 0
411 2369 1 1
223 2370 1 1
2271 2371 1 0
87 2372 1 0
1212 2373 1 0
1781 2374 1 0
1845 2375 1 0
1007 2376 1 1
646 2377 1 0
250 2378 1 0
2041 2379 1 1
678 2380 1 0
1975 2381 1 0
1769 2382 1 1
555 2383 1 1
949 2384 1 0
2250 2385 1 0
1270 2386 1 1
6 2387 1 1
2285 2388 1 0
1822 2389 1 0
1662 2390 1 0
1403 2391 1 1
2033 2392 1 1
2306 2393 1 0
1644 2394 1 1
1868 2395 1 1
55 2396 1 0
2390 2397 1 1
1950 2398 1 0
2277 2399 1 0
1839 2400 1 0
1301 2401 1 1
857 2402 1 0
984 2403 1 0
1313 2404 1 1
301 2405 1 0
959 2406 1 1
2355 2407 1 0
801 2408 1 0
1732 2409 1 0
901 2410 1 0
2268 2411 1 0
760 2412 1 1
2192 2413 1 0
2326 2414 1 0
1275 2415 1 1
610 2416 1 1
502 2417 1 1
1818 2418 1 0
797 2419 1 0
365 2420 1 0
2152 2421 1 0
2373 2422 1 0
1744 2423 1 1
1410 2424 1 0
2061 2425 1 1
2402 2426 1 1
570 2427 1 1
1221 2428 1 0
1296 2429 1 1
1504 2430 1 1
209 2431 1 1
1218 2432 1 0
2118 2433 1 1
1454 2434 1 1
760 2435 1 1
2200 2436 1 0
176 2437 1 0
1574 2438 1 0
142 2439 1 0
2345 2440 1 0
1933 2441 1 0
1569 2442 1 1
584 2443 1 0
872 2444 1 1
528 2445 1 1
821 2446 1 0
2246 2447 1 0
540 2448 1 1
1683 2449 1 0
781 2450 1 0
336 2451 1 0
2164 2452 1 1
2001 2453 1 0
2047 2454 1 1
2324 2455 1 1
2023 2456 1 0
322 2457 1 1
46 2458 1 1
1104 2459 1 0
268 2460 1 0
457 2461 1 0
2159 2462 1 0
1030 2463 1 1
861 2464 1 1
336 2465 1 0
20 2466 1 1
2208 2467 1 0
1413 2468 1 1
1769 2469 1 1
662 2470 1 1
1403 2471 1 0
139 2472 1 1
51 2473 1 1
861 2474 1 0
939 2475 1 0
1168 2476 1 1
2221 2477 1 0
77 2478 1 1
1645 2479 1 1
346 2480 1 1
1692 2481 1 0
1531 2482 1 0
28 2483 1 1
2357 2484 1 1
2312 2485 1 1
717 2486 1 0
1106 2487 1 1
719 2488 1 0
1298 2489 1 0
1064 2490 1 0
1058 2491 1 1
1437 2492 1 0
2175 2493 1 1
1694 2494 1 0
2423 2495 1 1
921 2496 1 1
689 2497 1 0
1290 2498 1 1
1220 2499 1 1
714 2500 1 0
1613 2501 1 1
2129 2502 1 1
373 2503 1 1
605 2504 1 1
1658 2505 1 1
916 2506 1 1
2158 2507 1 0
474 2508 1 0
2137 2509 1 1
2080 2510 1 0
1384 2511 1 1
1205 2512 1 1
573 2513 1 0
2402 2514 1 0
810 2515 1 0
866 2516 1 1
1221 2517 1 1
1881 2518 1 1
1474 2519 1 1
1588 2520 1 1
1775 2521 1 0
430 2522 1 0
187 2523 1 1
309 2524 1 1
1013 2525 1 0
592 2526 1 0
2043 2527 1 1
492 2528 1 1
1833 2529 1 1
1283 2530 1 1
2200 2531 1 1
2465 2532 1 1
915 2533 1 1
1643 2534 1 1
2191 2535 1 1
34 2536 1 1
25 2537 1 0
1209 2538 1 1
561 2539 1 1
335 2540 1 0
239 2541 1 0
817 2542 1 1
256 2543 1 1
967 2544 1 0
1098 2545 1 1
1650 2546 1 1
18 2547 1 1
877 2548 1 1
1165 2549 1 0
1648 2550 1 0
1752 2551 1 0
2034 2552 1 0
25 2553 1 0
1834 2554 1 0
622 2555 1 1
738 2556 1 0
929 2557 1 1
122 2558 1 0
2002 2559 1 1
1544 2560 1 1
2276 2561 1 1
163 2562 1 1
742 2563 1 0
2477 2564 1 0
1063 2565 1 0
1041 2566 1 1
501 2567 1 1
1764 2568 1 0
1736 2569 1 1
958 2570 1 1
1710 2571 1 0
1535 2572 1 0
2433 2573 1 1
1016 2574 1 0
2072 2575 1 1
898 2576 1 0
762 2577 1 1
1580 2578 1 0
2275 2579 1 0
1381 2580 1 1
969 2581 1 1
1124 2582 1 1
590 2583 1 0
770 2584 1 1
1636 2585 1 0
593 2586 1 0
215 2587 1 0
747 2588 1 1
2382 2589 1 1
1931 2590 1 0
308 2591 1 0
1965 2592 1 0
2410 2593 1 1
2039 2594 1 1
2346 2595 1 1
2215 2596 1 0
2575 2597 1 1
463 2598 1 0
1131 2599 1 1
2554 2600 1 1
1345 2601 1 0
552 2602 1 0
255 2603 1 0
236 2604 1 1
2481 2605 1 1
1000 2606 1 0
49 2607 1 1
1222 2608 1 0
1204 2609 1 0
467 2610 1 1
838 2611 1 0
72 2612 1 1
1939 2613 1 0
153 2614 1 0
1192 2615 1 1
2486 2616 1 1
1155 2617 1 0
2597 2618 1 1
454 2619 1 1
1988 2620 1 0
1475 2621 1 1
872 2622 1 0
552 2623 1 0
557 2624 1 0
1060 2625 1 0
456 2626 1 1
2082 2627 1 0
955 2628 1 1
2555 2629 1 0
1749 2630 1 0
2552 2631 1 1
802 2632 1 1
15 2633 1 0
2379 2634 1 1
2163 2635 1 1
2380 2636 1 0
1575 2637 1 1
152 2638 1 1
562 2639 1 0
1437 2640 1 1
2238 2641 1 1
1559 2642 1 0
1953 2643 1 0
221 2644 1 1
1717 2645 1 1
1759 2646 1 1
1466 2647 1 1
2579 2648 1 0
1235 2649 1 0
977 2650 1 0
250 2651 1 0
1819 2652 1 1
1880 2653 1 0
135 2654 1 1
662 2655 1 0
290 2656 1 0
1861 2657 1 0
2069 2658 1 1
2159 2659 1 0
2106 2660 1 0
1285 2661 1 0
2609 2662 1 1
2216 2663 1 0
500 2664 1 0
2185 2665 1 0
2147 2666 1 0
2655 2667 1 0
1840 2668 1 0
2511 2669 1 0
119 2670 1 1
1288 2671 1 1
836 2672 1 1
128 2673 1 1
1886 2674 1 0
2478 2675 1 0
2629 2676 1 1
822 2677 1 0
440 2678 1 0
409 2679 1 0
2005 2680 1 0
948 2681 1 1
276 2682 1 0
562 2683 1 1
277 2684 1 1
2653 2685 1 1
1198 2686 1 0
939 2687 1 0
1086 2688 1 1
911 2689 1 1
2153 2690 1 0
2080 2691 1 1
76 2692 1 1
2244 2693 1 0
346 2694 1 0
1430 2695 1 1
1629 2696 1 1
943 2697 1 0
922 2698 1 0
1651 2699 1 0
1689 2700 1 0
2519 2701 1 1
1309 2702 1 0
2558 2703 1 0
880 2704 1 0
1528 2705 1 1
943 2706 1 0
103 2707 1 1
1937 2708 1 1
1650 2709 1 1
2407 2710 1 1
1615 2711 1 1
2006 2712 1 0
493 2713 1 1
1164 2714 1 0
629 2715 1 1
1559 2716 1 0
802 2717 1 0
1542 2718 1 0
1772 2719 1 0
908 2720 1 0
318 2721 1 0
870 2722 1 0
2539 2723 1 1
1387 2724 1 1
2540 2725 1 1
881 2726 1 0
2223 2727 1 0
600 2728 1 0
468 2729 1 0
1929 2730 1 1
1175 2731 1 1
1600 2732 1 1
1935 2733 1 0
2442 2734 1 1
1386 2735 1 0
1888 2736 1 0
171 2737 1 1
666 2738 1 0
1482 2739 1 1
1354 2740 1 0
441 2741 1 1
321 2742 1 1
698 2743 1 1
1615 2744 1 1
1986 2745 1 1
1099 2746 1 1
340 2747 1 0
1918 2748 1 1
1376 2749 1 1
2143 2750 1 0
2130 2751 1 1
599 2752 1 1
915 2753 1 0
514 2754 1 0
2560 2755 1 1
2632 2756 1 1
1673 2757 1 1
660 2758 1 0
1155 2759 1 1
2746 2760 1 0
1455 2761 1 1
1456 2762 1 0
597 2763 1 0
2532 2764 1 0
1582 2765 1 0
1533 2766 1 0
649 2767 1 1
677 2768 1 1
1384 2769 1 0
1781 2770 1 1
2585 2771 1 1
1319 2772 1 1
1020 2773 1 0
1630 2774 1 1
2190 2775 1 0
1247 2776 1 1
2606 2777 1 1
993 2778 1 0
1648 2779 1 0
1428 2780 1 0
1168 2781 1 1
2427 2782 1 0
984 2783 1 1
2601 2784 1 1
2020 2785 1 1
1542 2786 1 1
2267 2787 1 0
540 2788 1 1
11 2789 1 0
1967 2790 1 1
1897 2791 1 1
223 2792 1 0
2722 2793 1 0
1141 2794 1 1
84 2795 1 1
131 2796 1 1
913 2797 1 0
753 2798 1 1
1355 2799 1 0
2573 2800 1 1
221 2801 1 0
2551 2802 1 0
998 2803 1 1
2524 2804 1 1
294 2805 1 1
2083 2806 1 1
2438 2807 1 1
2288 2808 1 1
1352 2809 1 0
454 2810 1 1
2249 2811 1 1
1269 2812 1 0
2336 2813 1 1
473 2814 1 1
423 2815 1 0
204 2816 1 0
2316 2817 1 0
1046 2818 1 1
2508 2819 1 1
2579 2820 1 0
2309 2821 1 1
1111 2822 1 0
752 2823 1 1
1675 2824 1 1
1662 2825 1 0
1648 2826 1 0
896 2827 1 0
2576 2828 1 1
2174 2829 1 1
1327 2830 1 0
861 2831 1 1
285 2832 1 1
1375 2833 1 1
1427 2834 1 0
2487 2835 1 0
1118 2836 1 1
748 2837 1 1
1814 2838 1 0
2016 2839 1 0
1435 2840 1 1
2296 2841 1 1
988 2842 1 0
1000 2843 1 0
2144 2844 1 1
150 2845 1 0
1449 2846 1 0
1961 2847 1 0
1309 2848 1 0
1693 2849 1 0
1045 2850 1 1
1069 2851 1 1
896 2852 1 0
1685 2853 1 0
1399 2854 1 1
359 2855 1 0
1178 2856 1 0
2723 2857 1 0
792 2858 1 1
1800 2859 1 1
1659 2860 1 0
721 2861 1 1
444 2862 1 1
827 2863 1 1
2831 2864 1 0
312 2865 1 1
1912 2866 1 0
1297 2867 1 0
562 2868 1 1
710 2869 1 1
1742 2870 1 1
2161 2871 1 1
1254 2872 1 1
2317 2873 1 1
2233 2874 1 0
2189 2875 1 0
1649 2876 1 0
362 2877 1 1
278 2878 1 0
300 2879 1 0
2473 2880 1 1
1717 2881 1 0
260 2882 1 1
1890 2883 1 1
1250 2884 1 0
783 2885 1 1
1595 2886 1 0
1620 2887 1 0
742 2888 1 0
791 2889 1 1
2159 2890 1 0
707 2891 1 1
2008 2892 1 0
2063 2893 1 0
1223 2894 1 1
138 2895 1 0
2131 2896 1 0
1358 2897 1 0
409 2898 1 1
869 2899 1 1
1836 2900 1 0
1815 2901 1 0
2462 2902 1 1
2095 2903 1 0
552 2904 1 0
929 2905 1 0
1266 2906 1 1
779 2907 1 0
803 2908 1 0
2274 2909 1 1
128 2910 1 1
1418 2911 1 1
2823 2912 1 0
489 2913 1 0
1954 2914 1 0
1915 2915 1 0
158 2916 1 1
945 2917 1 0
649 2918 1 0
2767 2919 1 1
2224 2920 1 1
1577 2921 1 1
763 2922 1 1
1857 2923 1 1
337 2924 1 1
2312 2925 1 1
590 2926 1 0
1423 2927 1 0
1890 2928 1 0
1668 2929 1 0
324 2930 1 0
283 2931 1 0
1844 2932 1 0
1027 2933 1 1
1369 2934 1 0
343 2935 1 0
354 2936 1 1
1335 2937 1 1
889 2938 1 1
1162 2939 1 1
275 2940 1 0
1515 2941 1 0
2256 2942 1 0
814 2943 1 1
1024 2944 1 0
925 2945 1 0
1767 2946 1 1
2004 2947 1 1
405 2948 1 0
1704 2949 1 1
2017 2950 1 0
89 2951 1 1
60 2952 1 0
717 2953 1 0
1067 2954 1 1
2067 2955 1 0
1494 2956 1 1
492 2957 1 1
2833 2958 1 1
1908 2959 1 0
1337 2960 1 1
806 2961 1 0
2015 2962 1 1
1349 2963 1 0
658 2964 1 1
547 2965 1 1
899 2966 1 1
134 2967 1 1
2270 2968 1 1
2614 2969 1 0
1786 2970 1 1
1482 2971 1 0
2355 2972 1 1
1845 2973 1 1
2853 2974 1 1
332 2975 1 0
2542 2976 1 0
820 2977 1 0
2422 2978 1 0
2690 2979 1 0
1988 2980 1 1
960 2981 1 0
102 2982 1 0
2299 2983 1 1
2880 2984 1 0
1565 2985 1 0
1974 2986 1 0
1808 2987 1 1
1321 2988 1 1
1497 2989 1 0
1554 2990 1 1
962 2991 1 0
779 2992 1 1
2708 2993 1 0
2293 2994 1 1
248 2995 1 0
1077 2996 1 1
1918 2997 1 0
1627 2998 1 0
1085 2999 1 0
807 3000 1 0
