100
86 77 52
8 41 5
27 55 13
94 83 82
68 10 6
83 5 1
42 65 7
89 89 41
48 97 48
71 12 7
40 45 31
100 5 3
75 6 4
27 70 7
98 96 91
42 14 1
66 52 12
9 52 2
44 63 40
45 5 1
46 91 20
94 35 15
79 15 11
74 45 34
77 53 22
90 91 7
10 75 4
88 70 4
26 24 11
94 55 44
100 8 4
8 41 8
33 86 30
60 17 13
59 58 5
11 87 7
16 11 6
83 84 12
27 29 15
94 29 25
39 88 21
47 8 5
62 48 9
5 57 1
76 80 28
74 66 6
24 99 22
29 67 25
20 56 20
1 4 1
63 45 15
5 30 5
35 39 31
31 78 5
37 42 4
35 8 3
10 52 1
74 37 9
71 100 54
64 98 49
87 60 21
27 49 19
70 35 20
53 20 2
16 8 3
59 2 1
3 62 1
82 82 69
43 63 26
42 40 9
49 95 14
54 9 5
55 58 14
69 76 22
10 78 10
66 45 11
23 71 12
80 91 47
3 22 1
83 91 40
18 64 7
59 60 58
55 71 21
58 23 15
36 61 19
22 77 17
21 62 10
41 6 4
18 40 5
75 89 24
66 13 4
93 42 28
92 35 22
7 42 4
10 40 4
99 55 11
64 86 16
9 29 1
40 62 40
61 12 10
