1000 10
132636717 620141155 559755200 45277040 361152295 542884860 606708379 751183959 251795218 663336217 
352881111 120155936
391148242 938025398
189627880 81518818
502777476 670710426
118154508 765850276
479696299 104989658
308982032 91211389
809847496 850019507
43142317 724054346
636839282 712811824
78540569 835375835
193664796 21514331
553680353 672702609
258932194 469421642
262521058 6025485
288857825 310115482
302337053 118914753
169277084 513957678
241705011 212812131
137608700 694643986
260756940 840228007
390454659 214603928
496150812 289776303
858217663 257988687
203221085 224417100
526231838 127830826
659006332 515899088
249100453 605616245
183945851 770715129
637185876 469355512
699396708 574265679
951123646 592902556
399563386 981750130
171579414 742879992
217713582 713489323
496382483 771471891
482887800 268181217
35658412 769602569
252931409 896878481
546538846 681846952
257139882 564032525
348097965 996219714
640878389 370834163
172392390 293271879
505398646 494196587
639622287 676920759
836166448 673592081
37038507 659492264
940111146 114053280
787921878 101490600
150150051 160364197
487598955 282936918
89154257 170629710
442460448 927288771
224061857 125847465
425324400 189066297
793242597 844652261
451692067 467040591
337007692 924357620
753389902 523294916
122616619 271632313
662287023 515018777
790706503 33854930
817440742 702255628
980795634 513278646
987679426 329066894
552605383 214910830
525007864 202952484
616706748 669915067
632923640 546741241
491504972 278480136
342768023 858939514
865025416 736329393
569442499 750713055
74807160 261853005
837734426 742417029
970733944 550766484
786898140 422705840
927962386 566277532
122928995 950961538
92307450 962399320
576393748 144301482
193934060 868217174
343915398 318951677
484226454 484660594
515173502 785204395
415602511 307754513
832450714 571833740
431775206 316273553
636897895 173346627
978952779 682087733
721875301 746176646
22339431 276598961
653351953 121317493
650372000 908209185
86235299 8806930
601513257 932646043
710043946 56819133
156089242 705618638
994109248 219533043
771928918 269182662
811194269 103631752
516866340 793201536
88572576 935768593
805272720 72754892
81865565 782503231
389698988 386801577
56808385 86114298
159117512 707650778
610075780 7037533
380447746 132060364
802932726 262704574
442480211 132556876
102256547 841068348
83317350 213377886
217176681 464936779
225895780 200511825
182119564 604374460
795547504 994259845
95900800 163232184
164174534 648485281
474693692 163527138
308126182 906465704
891648075 71259559
467998636 244511389
157522695 132616584
891368495 119738207
959384394 832296241
840462060 341467643
818801195 366207324
655328860 267969125
495583924 325745917
498302499 87475716
992098266 186860328
788884271 872733597
453200652 643613662
208661703 196761342
128797112 283216965
467884012 603698955
17149076 186313946
867457523 266664419
708170160 975976942
261509143 645427857
189520573 300417096
593124408 603646608
368077953 3199273
865241431 222154074
968115170 793776768
672703382 508238151
371009189 959380464
485644577 850014156
240637200 34417932
356153749 635826998
155981092 449470114
174834024 187734427
432673275 596539402
704911268 777981131
897339979 484488965
951833854 189770718
245524604 350285547
827922975 90481531
896423217 219445653
999659042 132712652
392130120 334047693
252821615 524488595
791384624 43160377
219789984 262884757
234025073 994808047
354170894 33713638
836212333 427154764
481288410 600723203
213394706 943131517
239821046 140645038
308854946 88750476
210138416 467609174
682151232 308515969
648111310 811421469
625599442 262207586
654790322 909848697
291861906 364807437
605846842 167389380
268954579 133480577
74234774 400354449
208538933 483971180
597261292 44941339
289512836 309028337
376237103 519814931
823516599 379652211
615449695 776820610
80750866 970947308
528355659 97760697
183123859 349370118
553067518 787223504
711723658 6288222
227351731 289293688
40901343 975504871
199424671 53832521
392527792 233633381
787088770 689128326
599302918 996258771
53227138 61060212
345822498 872296995
681930007 745474689
860194367 814233291
679854686 133013421
352044107 37878836
168620459 335544633
571765113 340475062
509095367 413438286
463899251 978347238
828246514 162089556
743874519 138618490
222112453 406217985
266244337 960502199
759882072 257025209
464743826 988797731
103993096 946238274
653720657 916407680
982215784 633883337
699367269 52377072
342202143 12032279
187565484 119243912
197829341 577559331
197463571 374790172
730897727 472327677
867853066 699239125
483128176 448124718
761487128 284405707
501078814 455463014
751593650 994801797
840244167 764678639
974701675 293249475
4976717 150537087
254222430 503471984
244832007 877174338
283253556 925157601
270846540 58163781
678518958 239554451
537093638 154927138
358762169 90148744
825151093 579013260
903513325 657314718
715865193 12441163
280150653 166810558
18450328 583011280
247355817 284860048
76849559 421527531
979125516 153168709
656101233 151923233
692975766 74301507
417893914 139585676
389040563 390082809
556698524 443754910
35997599 459999149
155292945 647738406
141601570 673852474
390700602 138599106
934752947 472490123
736044655 587238456
595050706 380708854
171674028 337595866
544402873 379795046
955142514 462096020
338635958 887126382
171517289 467562994
105818508 608546493
893523458 252651102
46477098 461135228
436964474 688869605
999975276 660055285
332676477 371206031
778465821 909247423
980516380 584187761
232078154 553021795
747320347 867063938
91006626 551297296
839185092 268674550
999932492 739271189
935226021 27069627
290978012 695359389
592894526 499135859
502202400 341681459
884925516 149652061
137878191 655877890
620503535 128658725
144497227 969264146
934578609 219423469
865432966 108733590
462062524 757522243
835723895 141838583
37872817 463340322
603671888 99764421
179590110 421665046
955046719 17844659
149240430 583536964
857781161 671295969
261491203 468410003
702058388 145968731
185063047 330244490
885151888 195569996
821390841 307275899
613430084 715345079
269286941 259369343
625614990 881386617
540921637 403237122
318730624 135789735
839572722 786071238
53412590 504242937
271197323 920799863
859508598 19164196
168574635 689355887
568875481 379545254
736344542 210551412
993064539 284772740
431628944 456474133
10236078 282231023
324183415 168016733
945036013 650932640
266414650 2119678
762269146 611667673
13289884 681197197
249361358 946106190
85612095 74861072
936736785 323496240
773117973 894768488
944093707 924684385
681491443 472903064
132888686 260833527
546229303 856234146
557201664 52486073
205401520 885266261
382185158 713928380
956411691 111228325
890426583 664746390
473704712 936204145
952295773 834340100
298147579 846339972
175180207 550414786
76156925 178759441
777562971 116678447
413282399 896947612
345566854 164815842
89103867 509827625
793752160 337392254
691859443 470498613
772024162 800055497
953782494 849223846
304712518 882271178
124682157 915100667
48169504 981372613
231887219 752996203
797551193 550496811
531073789 544533300
456986852 383255843
697593924 302552684
35874667 846777171
878281346 573567795
565546709 60239355
952670652 542211157
994102832 883953045
995553745 734869573
906905865 223357078
367521403 134071696
170051501 293576517
760231528 296983608
122802444 900560587
866152200 390694167
201601762 631288006
947507284 340049044
43367695 426024998
602335097 148361067
937448430 507287796
767593242 997976315
639288287 564555244
69166987 227658528
442880426 331145120
662562154 271077629
941704679 61324195
767115468 754285615
906978175 731876708
885868943 513784666
650279248 411005088
388528580 784395194
865022398 695885988
88309791 910869554
868611301 224074355
200448542 847863845
320700456 419999292
457597113 633242213
157149998 174791989
988153708 723952023
317143214 524241222
895844407 616238282
995597934 351291731
837911019 535581420
749555212 295675861
305805024 477558976
90641997 166572540
964729055 849302897
158883593 826628650
827067599 520195750
158540101 354320166
602527164 467024554
703367517 566667949
539381622 827543164
216240480 164561800
60797679 192316729
153501614 251280581
343414853 445567430
406086584 343226062
684676754 822725333
784995484 436923681
111324853 29207522
379142412 555885953
377463890 887586422
251835807 183084742
956785696 955321
916520744 326487624
636558932 903750076
818348551 515126120
987583650 943371171
169425407 865572912
497854151 484722015
187497238 393767576
1218691 234287503
383660793 119329308
646740382 428765194
205927269 764264002
130072822 824379911
201900713 427012439
354984149 233138138
840255154 105422026
113222071 669438727
770290021 450666694
510693680 374600377
798987916 966846323
269875423 831319630
120669426 175711437
602632446 13984558
982610025 565576226
957322663 716027918
254718057 22438669
48496082 927921550
148030368 915668932
812477212 448545855
794900843 824319315
934319056 457196854
829555884 68558807
343951764 216480212
999983847 652410841
69207384 306475656
318481613 853306059
393743072 166087839
773017786 821241675
625933842 731863286
646067304 749605894
161552752 134249302
265959095 775530147
359929830 217855639
13467966 135377365
529738274 89361548
121595798 992584549
111960147 231369187
244179711 361889531
379673182 810895208
215616516 344881235
278468773 884273653
534880854 151747907
216767791 299940004
261364614 55869369
588035058 101655653
273443395 568223282
904448296 879778476
614689185 180979450
300347774 835343859
495598374 566450367
786649565 767886254
272368250 287280050
626351565 626142044
587737901 885507071
180019378 764481234
750987760 309947298
554145876 296908190
262351351 589012772
296212445 193181478
141106914 478496583
734461170 80785963
162563366 928488038
629269610 984653810
338690218 657486180
235586988 916444423
132097610 162265985
67072682 760391512
831736278 977245691
89290123 937514164
312390371 113974038
835203709 393006662
82563902 125682063
722359371 968282190
820405330 228563156
757026210 245289527
441029623 716719154
342451941 278995201
240904844 39434017
463274550 543701812
867607306 770901803
736962194 55453213
842453595 995045807
622186562 70413457
250895721 424422512
855305086 734776279
135915060 304499486
26799720 7448857
620554823 746637948
91285 404152098
544479517 867585815
294875974 257500067
213801431 161219739
875893049 678297041
210133806 475667552
582944106 841989605
258267623 323013495
988624337 285122136
724130320 44644726
894905958 370991818
294981017 315291650
233268514 715100163
283987269 576276338
993892049 334621552
44935161 754105261
581434334 499119470
798052638 618569343
519449310 906934375
153746758 132118659
754507389 360948640
780526085 527532589
182173126 510995505
775417491 787862199
788598643 718964297
736238157 106664864
188813606 808050024
991663824 135709673
478382553 57953945
973967914 799512395
170719415 5680259
2674532 76364501
145208863 989703286
326684220 17828922
858783226 863960339
174802903 580411755
645139164 177828265
420939046 657458340
468567190 512684031
695015283 400192772
469695631 172951111
542439750 510174859
699703821 584064548
632699808 511595269
470871218 888058114
309793480 300568653
758925207 137206061
45972121 767597941
62864898 964537240
219716595 391145392
791962463 370120215
273288428 577614809
201127932 818998717
149937546 773667632
629479281 313439854
486173899 646252820
850271822 135860875
51015330 902379250
265884842 407640585
438263540 676831379
225352901 560879425
36560596 788048792
99532970 942168967
862257598 835239132
948237873 737288221
858741867 862961003
602823251 166790345
68949762 430829122
867162763 969535847
388729822 510816357
222686979 146957447
207102187 170010927
421114679 941432181
468722459 93639961
835837965 737619641
388124203 249739626
710851317 287447449
483435374 260244029
694595950 425710669
433280517 432017358
341434712 586139094
987366450 48354762
187407642 960501815
316411414 776089202
173004196 721327382
659685245 67285339
600456218 446788972
491335628 296924010
951025090 743855632
46410551 611723183
977008180 103554983
666077067 973030984
361268716 189617091
813316628 526933544
911126481 455098961
792847803 195777749
839950416 652269622
887883371 648874526
988464963 887787209
55027452 310670908
266051786 916911706
476627947 60983827
893816784 592926478
513562623 835598457
293492318 14805435
961434114 364908204
199063511 499806765
875825681 867205576
837126227 312554989
30302182 273172376
228808945 514712897
330624383 991680846
2674021 585336636
180400705 452408289
444848427 363257755
31860249 681200031
901397786 235263194
148656579 672828316
827719869 603702435
66846177 265859856
174836225 483512429
571956831 188600988
413408181 554844451
782836222 921192926
2811364 828523123
262939070 82682418
953113533 356705613
219674121 734006731
834645743 269929911
863883798 27821385
282931307 481481623
118877353 161655040
631926871 330438350
737005519 298143047
688094840 135953621
16295440 443810468
337279768 648576795
902112869 941785986
552036192 971066774
329945356 60664521
590959468 35303350
375446379 105212726
342001837 618992738
626474530 906692938
455632780 558633148
871431060 313313123
293499260 773441656
66798179 565535962
1473594 186653867
469644866 329350406
735481481 321964395
693654965 42026416
135436265 551320970
32120721 77538099
460531347 324257795
278021075 158064415
813995910 419008382
206852037 916598669
502804242 194967211
377079285 761860995
458991514 708349207
264195592 24420692
701739190 381206938
913133461 286300327
29037562 1661506
323002917 22611468
282151847 326391738
954511306 252300298
143590786 535278801
977553457 328012494
794074355 287383980
862450 890137389
28340936 559381950
566578402 397763003
912754762 299393185
185660176 154253715
563310337 525059426
491501490 990152052
220054981 803288048
133577961 829447403
38762420 816041407
847505610 843450239
296200521 937071700
333522931 325483625
435320867 684282101
934792915 527218197
45782745 3110471
677152724 392164036
30528900 669546542
353096049 155233354
341320563 596827285
210011256 664982315
152949686 589573258
712733302 712498034
81052760 318612159
383246186 23791237
552736522 956497060
239412125 277025115
778627854 57623830
677028406 306303175
288063656 890386694
180652582 317564039
352987774 220912901
809369376 114079567
217771395 561207936
265626343 149507023
937782232 280296455
313554995 68798480
180726784 318976110
411926000 865477973
350187963 374768638
805554857 553660358
637980297 622350792
939860710 14148218
482819168 623435213
438874901 60625497
95430550 771148890
674676115 203650325
435419020 240725765
794637059 997423376
144474005 294175844
740037666 250494234
10738357 883919677
437160560 932332399
652819221 982107972
632879285 847881826
831612822 315139510
730393779 99281979
482263167 804711743
558635379 756127499
354614643 439764722
693842887 451428802
606076473 731645702
961740327 250725254
530446260 744723920
255631333 777557297
119060460 234500753
633318735 298161138
407705087 293393539
8705465 571083002
748889114 24037660
59175998 843732211
371971610 439203686
778158690 168333437
165074492 876922846
261527948 176894789
390388966 762385062
64173309 908375047
832147741 97730814
119830224 656754124
543631462 599013223
449840014 792583622
204066623 140188939
206787878 65445746
439226147 354512166
408498488 164506248
994106747 861603536
45366488 942690690
660644567 981056638
365318986 935740290
518659523 775200776
690930420 65080200
789371396 849706269
581634635 723396004
933967585 141024685
813316305 728732549
852388274 199204193
351407654 132966313
391157 966662236
226409231 545774225
826246908 858303960
298466582 225726376
294773468 869445288
82632126 674402266
114443812 896663680
400779048 996157004
310843573 990122808
694352191 80413328
363394425 645539129
132039584 247519702
495670977 998045309
530351260 781656306
397156883 664309566
995322495 212804543
505722826 546592199
686114791 207219434
188485052 836061579
573561229 354093168
318998775 72407425
161890719 860452479
400408731 996099217
146052643 866741603
170494728 561213274
395362495 936216800
952802960 177883870
171030408 861568461
647555411 325176910
840653014 694025759
555212516 620833449
787269979 158645460
452856461 848517432
817777968 16191341
884520996 878842404
240405440 701102236
66113998 834985245
847693611 566100187
58380403 549110449
248791429 195046275
164991160 623842140
646674822 187116855
791863701 289345141
403659583 272226763
769944040 327827551
791486106 977093288
971555280 910495756
605475439 596340784
675554281 944692244
341360503 960761154
281075656 94650500
23992891 814549950
779815654 579286601
248578170 757171945
232685682 764018705
181470216 877617426
924420295 249840154
840340743 248285537
546435920 71508850
642885509 572456214
620071815 207917981
294905407 581198295
187475378 71321174
316165172 24025050
866295306 256891696
163307162 303866241
330660644 148636965
106297437 765274005
735945875 882579356
282105988 112438363
784494912 982359193
273189055 155400735
227929569 709153891
176375749 839882500
775777994 38008402
955514650 511272773
78833837 453286060
273473194 894142910
9302134 273178847
945605841 719945850
784637148 631363070
995550954 317764782
119775942 198282987
603031084 122910973
668626717 590219146
603165700 294738208
983836893 146107414
110215929 62450804
201911912 49925998
320753263 968418197
173168945 137844399
854978559 281150436
130153121 26340959
205770229 754218727
598523031 785474214
158551876 410568520
891020870 64487307
293485816 248948197
30614003 670187516
214903895 196362359
621098736 145331239
41433776 214676532
510553992 866960054
254533237 809268910
797710162 151747123
226266676 36195821
871011319 278058360
620656059 850848240
610143720 410067865
485289571 30940741
709650443 750571491
664756997 176624318
100873654 197784974
911786214 94527847
404890813 941763750
535225727 997538005
95450997 193072923
453180471 788673354
655132987 115694000
676342151 759805212
311360911 106907080
197132203 813235498
876840032 48059697
467980902 448766781
49116178 543756420
479180679 664222393
78130399 16033965
172535851 524672212
272122917 162277214
404205786 471224486
342988723 615829170
67846012 629556049
31697014 128856294
851967434 809889093
858105678 424491216
319631883 999509610
123302225 141347140
132065318 928358509
669810115 476086649
387658545 396287642
135325916 289943809
224322431 88952474
437934378 736451547
189941133 353106353
801413689 480738016
100295271 365268886
391227281 893210748
456891485 564473512
261968240 430623292
171391745 898242981
162649873 573762097
804005122 560753349
89211111 253406543
799408782 157744759
619506284 782914921
486950112 440403364
942154898 254770352
188539510 194112912
53684684 559125811
241867689 820733510
194148845 754891328
819746941 832158920
986754216 793260471
73944417 346652327
120554756 246933315
3031005 246379715
486007510 620267908
378963355 791573200
553254104 470275507
947551083 885878121
976282591 212654738
26481380 421722830
224267553 466492886
148878873 333816253
938365063 29475913
528850917 57036531
139304456 901169983
916906298 796781387
187861398 75282582
891879273 334529239
726849428 343290562
190698479 344592169
410100179 577038835
502863610 571328712
35151255 684853813
198903974 677862266
401424287 869983869
40611700 722954789
62432408 648515945
972258106 838910038
776064170 235514695
572162340 150340898
571535949 308944386
162718237 754104415
169832474 445693028
734255501 143359250
671934797 229748373
132531240 137720227
960652066 118184539
251783746 499598927
15048748 219276524
752678359 705797154
697279124 881119307
460649547 136835937
675352057 750721136
647862351 870303718
406974404 670637837
250879030 67779052
404061508 351846682
730983613 842833906
496611196 523483506
210834019 265593911
890097926 642819785
537728715 329070785
976175204 96943266
529945072 871951883
907669954 592546296
510493359 129806113
