256 120
1 2
2 3
1 4
4 5
1 6
2 7
4 8
5 9
8 10
4 11
3 12
7 13
4 14
2 15
15 16
11 17
8 18
5 19
12 20
17 21
11 22
15 23
13 24
22 25
6 26
3 27
12 28
13 29
10 30
25 31
24 32
6 33
13 34
30 35
15 36
14 37
36 38
25 39
15 40
20 41
41 42
5 43
4 44
37 45
17 46
23 47
26 48
25 49
29 50
40 51
20 52
26 53
22 54
49 55
53 56
9 57
10 58
58 59
13 60
2 61
35 62
22 63
27 64
50 65
18 66
10 67
40 68
30 69
2 70
23 71
4 72
67 73
5 74
18 75
49 76
75 77
43 78
27 79
21 80
61 81
62 82
42 83
31 84
80 85
63 86
78 87
38 88
42 89
76 90
25 91
5 92
42 93
15 94
16 95
56 96
86 97
7 98
63 99
99 100
8 101
72 102
43 103
30 104
84 105
28 106
99 107
77 108
22 109
29 110
108 111
78 112
18 113
1 114
92 115
23 116
80 117
86 118
13 119
106 120
121 122
122 123
122 124
123 125
124 126
122 127
127 128
121 129
128 130
125 131
126 132
122 133
127 134
121 135
135 136
123 137
125 138
134 139
123 140
128 141
129 142
132 143
143 144
127 145
128 146
122 147
127 148
123 149
142 150
150 151
151 152
152 153
124 154
127 155
124 156
144 157
150 158
137 159
138 160
125 161
125 162
151 163
138 164
124 165
140 166
154 167
165 168
135 169
141 170
148 171
150 172
166 173
147 174
152 175
163 176
167 177
121 178
128 179
149 180
177 181
161 182
135 183
147 184
147 185
122 186
152 187
156 188
183 189
161 190
177 191
123 192
145 193
143 194
170 195
121 196
177 197
179 198
123 199
137 200
138 201
179 202
126 203
191 204
194 205
146 206
199 207
173 208
135 209
144 210
142 211
125 212
128 213
133 214
181 215
162 216
196 217
136 218
145 219
121 220
193 221
209 222
205 223
144 224
191 225
126 226
141 227
128 228
149 229
200 230
169 231
218 232
142 233
133 234
165 235
146 236
192 237
121 238
236 239
169 240
1 241
121 256
241 242
242 243
243 244
244 245
245 246
246 247
247 248
248 249
249 250
250 251
251 252
252 253
253 254
254 255
255 256
