10
15 14
397329075 150268825 163148184 90814080 454794336 30691017 42194880 218181474 195478920 307003850 122341850 347307084 36594705 8291952 125098610 
4 11 14455920
4 11 22239910
7 13 101133450
3 4 260919846
1 9 695990880
3 13 137398371
1 10 125059071
1 6 316559986
1 11 273012844
1 10 119878246
13 13 134424423
1 6 919899903
1 10 430529729
1 4 80138268
31 24
150292288 310240782 713836479 608558928 361994440 249540572 57375780 44125998 203633416 101787840 128389422 161482938 17536470 133536400 13867600 3827130 293043780 475379250 223007428 80471986 108822588 14902272 18856119 586215539 12813572 10354302 9266224 54474400 478888150 73289877 37508860 
16 28 290214759
7 13 9618782
7 29 860773560
1 29 12421032
4 11 701799722
6 10 166519089
8 19 326123307
1 20 1310296
26 27 96024448
23 31 251908213
10 19 163236850
5 22 231751100
30 30 179662035
7 8 68773952
10 18 262501335
4 19 726503580
21 24 1570000
1 30 135377935
1 10 595311850
5 11 359539812
1 8 531981625
8 11 167018909
2 11 614682072
3 18 75774820
41 11
72876128 999562047 931273868 175404104 270227023 160407555 50829993 288680956 127107695 192673390 132323220 72839932 11943270 248357972 50404983 492196140 371995508 111579000 65847780 548325545 187057656 247112000 249513495 242716320 124627428 964349628 936121528 121316950 126386708 5138500 219049845 274325876 180603072 103360536 504768816 165714852 432356750 180416970 577445806 174385022 92059278 
26 36 500597293
1 24 64886493
40 41 224444040
1 40 157706360
17 29 662809539
15 23 500924740
24 35 204024093
23 29 58059245
26 28 303966873
25 41 59537875
1 15 44664321
1 1
25992900 
1 1 39161632
45 1
725024671 63630864 122170176 868230528 228573375 106693819 328147200 1733520 234684600 430691016 48006900 147991606 380520840 39640440 319003212 56259749 167522212 359006140 37876160 183465392 258349 855124010 462036300 2264544 507798755 14058954 461003508 248696435 258910008 14102082 119037992 495381384 37096520 312969285 12420540 127004985 34886050 531547328 350670384 201398145 831584304 667922208 146445640 774155984 288076932 
4 44 776339100
44 29
2799888 68357496 13364000 290596830 728322432 38922282 218031928 80738370 172325736 371306553 106437306 111512079 513999065 17737328 91176750 588814254 430737580 122610316 333890888 17541683 345935480 98596788 335776592 635109860 171494673 184138573 43166475 404592 334697664 75424231 935407608 43447152 173780434 347854221 179540516 43954218 101053008 42081882 8001671 916813386 633936576 492899040 288988744 225466254 
17 35 65685944
3 33 436929880
3 5 403020917
25 29 446239230
13 27 102697892
33 42 414641871
1 35 4913979
15 29 77754510
31 43 491979852
1 27 132433014
7 34 164793330
13 25 418368390
3 35 721643670
1 37 120705312
40 41 260430431
6 29 252782838
1 37 99306806
31 43 568310135
1 18 522789575
21 37 20688948
1 5 792626310
11 23 314984087
12 34 255000402
23 28 476397987
23 39 761979350
9 37 381668832
9 25 54393194
15 16 69682170
5 37 76536692
47 46
504391510 184567995 33540624 68206165 147141873 1574560 174205120 128370242 142424640 491677179 400508384 50578598 176912170 169833894 136610290 311498208 957301158 247559312 692286500 380181273 248683344 226688770 299191200 33488514 417474492 275569014 52623103 49811916 347166843 224872828 441690033 419249655 120784430 69065997 166341120 55629825 162927218 270632444 724978320 56950323 426889498 342366989 7020504 343823900 70608680 240502248 24659628 
40 43 67895501
25 30 346213618
12 22 714406434
20 26 5488644
22 30 348607275
8 39 302742923
17 42 1341224
4 5 81985855
1 17 39420048
5 6 594785160
23 37 2951613
8 39 342675398
35 47 106744204
2 25 57517275
6 8 431548281
5 47 466369920
22 47 340282200
1 41 554312440
5 32 27283356
5 28 527382011
9 19 49704176
20 38 341239096
5 12 432331394
29 30 491002398
17 40 181604417
3 13 730260874
12 33 252332965
5 39 233153650
35 35 736611050
31 32 293029884
12 24 92801735
13 24 225424134
42 44 922223232
20 23 82607237
27 46 619512980
12 28 636290694
32 39 149931485
7 14 186774166
1 24 91044579
16 47 205689660
4 8 122853856
17 27 189834087
14 39 78020716
21 31 736199520
1 8 71394830
30 47 290054030
29 12
162304560 380319723 131632830 200082290 33864957 98091246 74528195 556749831 238125261 725881905 229961248 76964854 251777526 79784031 67609323 316167180 40882960 56589560 86194834 118549347 534579621 6926415 115514380 6711156 107865360 476862080 119467968 228130596 23375364 
19 27 103254600
17 23 465282720
11 26 274768020
14 19 36139800
11 13 18731248
8 23 29052956
11 25 190418760
9 28 84295260
12 15 1735962
15 24 478686750
21 26 151209072
12 22 653534010
17 6
19456792 338805290 216332208 56831292 25009614 690507980 431220468 170348629 894020440 81372896 141797744 56999742 562855183 582656576 179397715 13525932 511068082 
10 15 84738636
3 9 447186196
12 14 390325094
1 14 24055755
15 16 213270096
3 14 3255525
26 1
304319808 126844095 170617852 315431864 312551145 134677757 198264040 270451818 205468242 2869020 836264520 143902533 481796350 6101571 276063172 291417084 232844549 59787183 731910635 57795801 42865300 156568258 284306604 138359830 126656446 329627154 
1 22 59455313
