50
10 1
18119901 211111110 212965034 336806316 232838580 51942978 75067795 27812448 706236410 1548792 
1 1 11353446
10 3
322353153 901359945 547447068 362381984 73447680 63125280 279150014 107082176 274780591 194492766 
3 4 62714646
6 9 341991423
1 3 21890898
10 6
76567012 558429236 148913604 225833856 140795600 100009052 497393989 65528966 644793600 151127975 
3 7 244286469
3 6 426392625
3 8 630288925
7 9 742431388
1 6 325295060
1 9 518978405
10 3
337168799 157318948 555553084 127505405 543543345 317700132 147401715 214328906 494460252 155070960 
6 7 766685907
3 5 179589036
1 2 515247024
10 6
590314704 532834848 277800119 302381370 843103641 185002200 78316318 617067372 304973978 123314400 
1 7 167782959
1 3 36047485
5 7 55357644
1 7 452589425
7 9 555727952
1 1 409917842
10 5
276625968 157644174 140279622 424243596 344522288 154393003 624960 343363602 78972079 432201273 
1 3 264811790
4 7 145954380
3 5 163939061
1 5 51526944
1 10 98457216
10 7
74579078 72458624 712534287 694718154 732826180 44401088 14407555 339077198 145033042 232380973 
1 7 176742864
5 9 153988815
3 7 301983091
1 8 456775023
5 7 54870480
5 6 514579230
1 9 310817100
10 4
42030594 108836784 39163131 265117301 986701755 575441160 673707060 127521192 267361374 165698757 
7 9 109916310
6 7 69845000
3 7 54767241
6 8 399486928
10 5
361671675 672484456 4758312 629708900 311527788 214648920 155847886 372072378 388004233 16517727 
3 9 35021100
6 9 433484910
1 3 16854752
1 7 268174659
1 2 78263486
10 6
172746741 725916672 636068094 401187810 604847880 358599533 522471561 14112440 12143964 265242822 
7 9 835527780
2 5 682190016
3 6 20243265
7 7 766763424
1 5 309869451
1 5 509319540
10 2
90560195 487811852 402348396 251863312 107345600 2262700 194248577 113499246 193700860 44077600 
4 6 73491946
5 9 236138910
10 6
267748585 157328400 210078316 483917363 348454000 277429650 200678268 789739776 668866766 211272768 
7 9 287209640
1 6 44591448
2 3 578689335
1 9 45562660
1 9 140830056
3 4 357837102
10 7
205110450 28648287 549418435 358334760 83305882 711953788 325778460 340477992 350107894 1447635 
6 10 579419220
4 9 794823962
4 5 721615440
3 9 8515963
2 9 10347552
5 8 261787811
2 9 155863200
10 1
39249970 68265242 486522972 249738462 688985370 72898784 658350858 217966480 887332316 11881023 
2 9 510054006
10 6
148976226 326105344 642805267 178255830 351263297 84528406 620610660 213873128 507426250 11050860 
5 5 144049572
1 7 685439808
1 9 648742487
1 6 315394064
1 7 161308952
1 8 622577726
10 1
92117880 89360000 529068162 111055964 6902912 247734836 226624365 675404142 283055868 135590572 
1 6 67781856
10 7
754614432 222762517 61972974 103646790 145880064 325069752 554104516 126814968 250113487 150475904 
6 7 389555936
1 3 56155624
1 7 458883696
7 10 504746592
1 3 194298256
1 9 130705214
1 9 417163135
10 9
137602484 605083122 55623620 104641360 467987730 399925533 463024892 311697818 213122448 117464897 
7 7 33823983
6 6 626473260
4 7 702845592
1 8 630267510
1 7 588616380
1 1 629098056
1 5 30696302
5 8 329190160
4 9 487892175
10 5
629155040 933499125 531079983 310679607 190057093 155663456 44121320 287902638 90602676 235687320 
7 7 62915550
1 1 326573748
9 9 114492900
7 7 961198992
1 9 61124113
10 2
206924248 517768405 318874440 40034514 212015034 854476932 560688138 484618536 420069615 395404794 
7 10 100288640
1 4 49167675
10 1
193942900 277372655 674233000 236290509 737637057 48397160 401935608 237328508 53712909 423684979 
1 5 242282610
10 3
343857400 292356762 240783165 3187500 188132670 316070244 338100384 524496563 48920941 181929690 
3 5 182837468
6 7 13687791
5 7 680766090
10 9
434161680 33842419 611923257 269091159 718180936 968020126 318890235 197469506 164747318 67625400 
1 6 568658624
1 4 280852440
4 5 211971782
1 4 159743921
7 7 528380320
5 9 496748802
1 6 240107454
5 9 46127920
1 3 434842185
10 3
114327378 688626328 318302487 386008739 274241160 167250951 257047800 519995462 138722028 326787090 
1 1 418866930
2 5 821227000
1 1 232336902
10 3
178460842 6536670 148608420 70250810 75525494 847602909 116334967 95077195 128837176 250783988 
1 2 743981184
3 4 215345343
2 7 287343672
10 4
375875970 725056584 472703680 31904568 157869600 85819086 13088680 559194864 426325380 927527848 
4 5 40102072
3 5 857316950
1 3 698534174
3 5 223254460
10 5
43929300 644619200 255663074 11749268 373063416 229078752 109766103 1434648 9864600 198422367 
2 4 213363456
1 4 411198229
7 8 77623104
10 10 49932960
2 5 110712960
10 3
820823349 263152440 142336719 221633632 55856492 1101991 89724726 516568200 359743478 149119673 
4 6 221011832
1 9 88899163
1 9 261480698
10 7
130736870 596409552 467995080 121689126 564090722 535286145 74593221 500641690 293721540 55644786 
1 8 597688104
9 9 24433682
7 9 121944498
7 7 20363616
1 1 409065996
1 5 616962504
1 9 354779360
10 3
63132312 83372485 534178848 21984340 4745400 319475526 91051587 32768256 52652250 160249320 
9 9 692630685
3 6 65251782
1 9 237305173
10 6
237666551 753450890 72276789 519515940 210765100 654602150 446547785 18218844 13516767 471863584 
7 10 32845980
1 6 330958144
1 4 351099936
1 5 145552400
7 9 176574870
4 8 20938320
10 1
716438887 190606240 600255915 477075200 96377088 100906422 218124170 397126256 323479104 450882195 
7 7 145836453
10 7
364501155 205208352 463510814 180281264 601579860 234884188 380099616 510027795 317964787 448720423 
1 7 7827183
1 8 207420928
1 5 827281483
1 6 560397012
1 7 187996540
1 4 406337133
1 4 19759696
10 3
55735290 28941360 282139104 85755780 74925208 754691042 423083760 94876990 383467292 173233203 
7 9 331661262
1 9 57817850
6 7 458672871
10 10
426680280 670735422 308126502 219644632 275372082 385641024 695031096 515359572 566447280 477053237 
5 6 269663373
3 7 753838395
3 7 68734628
5 5 779519972
1 6 436225600
1 2 220440154
1 5 151363500
1 5 127976
1 5 38796008
1 5 147320055
10 8
460279940 64460352 32946000 298310430 144786306 32339292 108697059 154781644 179978183 518724640 
1 9 417095080
1 9 37201801
1 1 569937993
1 9 778109342
1 3 566676631
1 7 326763748
4 9 21510005
7 9 45993168
10 7
829188360 299054420 991045125 71725120 733936646 91775244 425250900 45644320 214122843 76172787 
1 1 392068878
1 9 157516216
3 8 120854292
5 9 244663254
1 6 110595562
5 7 18338925
3 5 337468128
10 5
73060704 184596473 109065696 518151070 10765713 132477877 574260918 131859813 20749850 743097999 
1 1 652879772
2 3 272112359
1 9 86796494
5 6 157090640
9 10 44116065
10 3
149038386 58538480 281397350 505600800 371966717 316872576 325053657 406336980 62230740 160464472 
1 8 390846810
3 5 11443545
5 9 104678112
10 5
30748354 11152268 427307648 648896652 610618359 66187545 261135342 914903150 50566152 438736480 
1 5 92550280
3 7 395958996
1 7 344068980
1 4 4542615
1 10 427071854
10 8
56685400 684265792 729466542 3856128 77210649 28235856 740387316 59953186 210458475 939327015 
6 9 401584875
7 9 341921502
1 9 484271578
1 7 130016523
1 5 17773756
3 9 7647224
1 9 652841934
3 9 81949377
10 1
277273953 370898465 72765354 127072218 47702046 581706000 429371550 439575669 480769920 311391380 
4 5 617277513
10 6
542271730 333963000 232758523 115488856 17035260 478352448 187066891 131141232 628461214 477100975 
1 3 173350816
7 10 5131806
6 10 459162524
5 9 20976905
1 5 172260986
1 9 36989028
10 3
472087566 382416892 468071919 17436245 528346290 20574798 366204636 275758686 145086060 29099070 
1 5 11133975
1 6 71597741
1 4 125088036
10 8
386980276 139534477 76430585 185760510 343772510 261377050 47227230 7860710 385651425 790656399 
1 9 513967392
1 9 280800440
1 2 169734506
3 7 525644496
1 9 110459660
1 3 119985936
1 1 39144692
5 7 674951430
10 4
137418200 108422720 7505550 345920095 447335469 91914486 328984950 122167270 123943233 44207982 
1 1 239571750
6 7 649116100
1 6 116235054
1 9 19740240
10 5
108833144 75253376 965168372 169537690 70833312 113308884 26871139 557658948 572037505 3448038 
6 9 354194394
1 5 16037591
3 9 142051180
1 10 28178386
1 10 33507721
10 1
179584143 703912372 125105627 126419388 255522915 143406298 629545 5908460 490247800 74677760 
1 3 25769864
10 9
493024568 162698670 208315390 529201296 968147139 715374750 34654440 71212300 444998400 197200066 
6 6 92513205
1 5 97538224
3 9 41956839
5 9 18690664
4 5 132868494
8 9 242135468
3 4 3007488
6 9 162493760
5 5 468009213
10 3
420526800 343929431 176946219 1859328 243437005 208803261 10551625 971756530 193430529 356013104 
1 3 341778528
7 9 30899792
3 8 181741707
