2000 6000
1467 1989
458 1646
1327 856
977 1629
1925 1813
1952 674
1711 1276
664 481
944 332
699 1735
63 354
64 674
357 260
865 525
717 1062
553 330
126 662
1464 901
1083 944
1898 47
830 221
1701 604
1610 181
112 475
1939 204
26 573
849 729
214 546
1026 570
1237 511
1404 1473
1840 764
945 738
1479 24
1892 1491
1837 468
930 1953
1909 1754
794 605
1204 424
1732 100
825 1629
113 442
272 848
406 1380
579 330
235 18
1576 1668
1724 1586
1132 1351
238 1609
1353 257
962 1156
697 1262
1252 525
545 435
1850 1141
690 542
368 930
1667 193
520 1911
1132 1212
1089 301
290 465
849 1408
464 1956
95 924
1714 743
1314 34
664 1007
1940 616
874 1524
840 1309
1257 1654
39 445
127 1057
154 1047
384 1008
1675 649
1884 1356
941 1989
1640 389
152 382
1462 603
240 353
902 489
1985 1871
1604 1067
1105 840
1630 523
464 1075
631 1975
746 59
213 270
387 1579
1592 174
1596 622
1072 970
1245 1070
1097 1538
720 1560
862 34
518 1810
76 742
708 1163
1734 1775
603 1766
1311 1484
794 1003
520 942
112 899
598 1017
803 769
1187 1771
1701 1714
701 1588
1331 610
1863 813
1959 92
1581 1473
1949 1394
1136 1244
1604 1094
695 105
1051 615
934 864
1746 1724
1318 60
880 1355
578 1187
381 680
917 620
1517 390
783 609
518 55
1616 94
1145 1624
1819 1650
177 1242
214 973
210 1265
222 1073
239 214
1910 1038
513 1186
1920 1865
464 1415
1924 79
287 458
232 1672
134 625
860 274
1600 1173
504 1207
608 203
1709 805
315 1021
1257 1964
1050 1211
697 514
1315 28
1058 1042
980 1993
1500 1492
1083 105
1794 993
227 1857
288 323
1039 1958
619 1977
357 62
104 842
1665 1924
1138 69
1050 1642
1432 1273
1601 866
1467 856
1112 620
1435 1114
1042 395
1296 896
210 946
1663 1353
68 1319
108 201
391 62
1942 1919
1275 376
584 150
677 176
1732 1219
685 1798
869 1014
1865 522
1203 247
177 1895
1121 1998
901 470
1392 1834
1528 178
238 93
708 1701
1508 1780
1973 1249
1573 1316
1292 448
776 1472
1663 927
64 1211
317 283
348 88
1452 76
1684 1538
1019 1597
740 352
131 680
538 721
1833 1924
98 1391
251 446
195 1273
1950 974
1941 802
718 1662
1197 1857
766 1367
1818 3
284 1317
170 961
1952 1857
46 903
1728 7
1175 1883
261 270
1955 1210
1826 882
752 436
796 1489
1666 1720
1741 13
1939 1821
1091 1312
1852 813
210 980
1602 567
1214 806
1287 1966
758 1682
418 832
1585 701
1529 65
501 81
40 895
155 626
1762 1908
164 1160
1448 1139
1812 1780
1879 1533
159 1234
1447 1985
1337 763
1571 59
1747 241
351 875
72 1490
1743 1152
1262 1507
752 1902
1854 1139
1998 1513
1970 653
228 1524
665 1959
1967 707
1233 1633
1221 688
549 1785
74 242
584 692
236 1183
10 663
781 999
520 1202
987 507
992 1657
585 307
569 1335
584 277
1019 911
93 660
544 635
404 1044
1180 524
623 369
1836 1261
419 899
401 470
1476 1207
113 527
1735 1588
1354 436
1397 1444
1649 644
1566 1299
1583 1297
170 1176
1676 357
649 580
1866 380
1424 147
530 1772
1701 1579
37 25
1799 299
774 816
300 390
1330 1929
1763 232
856 1124
979 1086
1085 1697
1961 1391
1593 859
1697 1537
1376 915
1208 729
1673 885
798 815
919 1793
1097 1187
1592 1154
1723 1081
1985 851
1862 20
1801 179
808 1906
207 280
787 1588
259 970
1815 1653
277 1218
1083 1327
153 1850
1292 23
357 1556
617 166
1122 1423
1837 1184
1638 1039
274 296
540 466
1379 952
1292 92
1122 1291
1418 1503
428 779
1614 769
840 883
848 1294
228 591
542 1718
975 51
1959 43
840 636
1610 1473
710 1805
228 1288
921 143
1846 1274
2000 1208
1887 2
1265 1653
73 415
124 1648
323 247
750 566
1950 1320
1439 3
240 1665
888 1251
1252 224
118 816
1337 674
1730 1602
1583 1252
750 1636
1639 1921
643 1958
861 837
1263 83
1729 1676
317 862
1295 449
740 1589
136 703
1909 527
1534 935
1604 1647
1513 362
495 1192
1615 1011
194 989
554 1165
1129 1589
481 770
1590 116
75 1935
12 1685
917 737
248 940
921 983
345 1571
1169 426
1544 331
820 1750
402 305
701 1124
1091 926
12 346
259 307
668 301
945 369
967 1339
1564 876
1442 1961
1001 114
831 711
402 71
477 931
463 212
294 130
1411 865
1181 82
179 1937
1587 1531
631 1244
500 1934
1204 926
857 927
1768 181
564 1294
1185 635
1732 767
1132 1493
506 1739
1126 445
70 1603
1602 69
1909 1056
1318 1153
299 1309
1133 1116
300 1686
1646 28
8 961
364 950
1578 90
14 445
103 1785
1994 45
1003 485
1593 1790
329 1195
1043 1849
621 528
1027 1028
1318 807
939 1060
932 626
197 1751
1323 1643
1680 670
1501 1008
1013 183
1247 1248
550 1897
473 61
1386 332
1109 885
1460 873
1610 1509
1615 937
395 580
1086 965
867 824
1532 251
471 1616
844 1231
1953 1535
506 763
1777 1591
1545 127
622 1098
223 1983
1746 1416
1186 711
113 1304
1099 1172
1549 1339
1228 768
1881 1581
164 372
609 904
144 986
1421 1698
1373 392
1193 1685
301 1124
974 892
424 1008
1904 1039
1047 36
1860 1253
1350 477
1207 1677
1316 558
902 1440
1004 194
235 340
1458 1862
1511 1723
281 1714
287 1767
1288 873
326 938
1796 1956
457 624
1340 1471
576 93
1835 1965
679 1687
1808 1317
883 527
1720 1847
153 636
1835 385
1536 1303
121 178
1935 1005
942 1280
1424 881
870 962
1934 1914
578 1262
1188 974
1820 238
1818 1481
1508 94
39 478
1105 152
317 1938
1349 245
369 491
1549 633
853 41
110 102
757 85
894 1438
966 95
314 286
1212 350
619 1144
1882 669
1710 1223
1490 1578
616 581
1445 423
1152 1149
1580 1509
489 1039
1621 1572
1534 198
684 839
1692 662
713 580
946 475
1933 1841
18 1998
1786 240
1050 588
1179 1367
265 965
175 1425
1706 529
1588 318
1593 89
617 1695
127 1677
550 1400
1025 959
1570 1560
1674 1933
496 1012
697 1213
1742 1059
1031 1728
1615 1329
289 466
1792 1399
1041 654
1117 677
364 397
702 1817
1621 689
724 64
474 24
608 1724
1128 94
210 1396
1023 1005
1041 855
1642 1751
398 913
1329 286
1305 594
67 1312
1232 384
1596 685
463 392
625 1352
1212 1068
826 993
1888 502
550 1731
1267 268
1610 1913
302 1207
795 985
1391 1925
979 129
208 1679
248 1751
1212 140
214 231
1568 860
1391 1578
1966 1919
1051 1108
108 1599
723 903
1802 733
591 652
349 1920
1041 12
1285 1710
594 982
306 851
1963 1433
228 889
1331 905
543 139
1257 637
1476 396
591 827
946 1401
6 488
1543 986
1568 1531
1146 158
1596 1662
1083 497
200 309
1982 907
931 904
1016 850
933 175
1695 1531
862 663
526 278
112 1591
1966 1707
900 45
1197 377
929 1550
1612 1499
1328 1945
1037 1433
226 1664
1398 912
1714 1497
357 1270
1427 1290
157 1927
954 225
1024 94
320 1165
1601 1876
1505 1778
1145 1776
482 379
801 283
945 768
473 77
1528 1351
718 1058
1452 607
1783 986
202 489
1645 788
788 543
1329 203
1425 442
1327 1272
555 1012
1726 1254
583 645
883 1065
1784 1398
197 286
1574 119
756 1752
1563 1798
206 1005
1947 1351
264 1734
1310 462
1062 1595
771 1445
857 758
1583 780
1688 275
1850 402
1318 1928
1267 4
1373 1600
329 89
1666 741
1071 109
612 1905
1340 1107
115 617
1226 1781
1878 1858
387 1447
428 1627
795 1594
1520 976
560 1389
855 1677
1851 1984
1676 1584
1282 315
1194 41
342 1664
775 1252
616 599
726 308
263 1058
1138 1883
928 383
1668 892
690 1054
751 540
526 689
823 1843
1645 144
998 1775
1146 41
444 1907
18 84
1650 1336
1534 485
1463 1036
256 1289
622 836
1041 1993
1484 1931
1004 1634
1017 570
1157 1846
616 163
1462 1978
1201 345
1045 1775
1637 916
55 113
1356 898
381 1480
260 412
611 618
1661 1195
1609 1775
1123 1019
806 1322
627 1913
1570 1791
1837 1987
1568 1489
218 167
1238 293
115 792
1684 1308
475 709
1130 670
574 125
1915 1166
1638 1118
1122 141
501 1234
954 1787
1693 1077
1554 423
1032 465
1220 245
1534 774
1887 1905
222 1311
1093 440
917 1687
724 508
1073 1738
62 1813
974 464
196 1383
593 413
380 24
1221 1705
1820 462
428 1013
623 907
1190 1858
1422 1020
1164 1026
281 625
566 934
1105 1863
685 348
1408 122
920 1690
1892 482
1706 1763
1979 465
1892 201
26 519
331 932
1453 54
10 996
326 774
1766 1382
1788 1874
1277 1527
1281 1371
352 1594
40 1521
53 1196
117 358
895 679
180 459
1418 237
836 1865
232 822
1071 1232
851 1192
1697 823
1026 1686
1967 573
259 1659
223 72
383 1399
508 148
1180 1901
968 896
1450 782
983 1124
764 904
614 367
1693 73
1803 203
490 841
532 439
447 283
1973 648
89 1398
1142 1585
1832 1537
750 325
1032 1033
1014 1587
479 523
51 1466
1493 35
947 1174
1517 1231
409 212
452 1522
291 1667
236 129
773 653
1838 1995
1693 1671
1691 213
77 1743
723 1412
588 468
443 1263
1352 568
1852 1554
1528 812
966 68
437 1729
869 450
1637 1516
1136 972
532 756
1118 604
1738 631
1772 360
750 1795
561 379
1341 1212
135 9
992 88
597 1767
800 1052
443 47
1245 603
1697 1634
226 1009
170 37
686 1507
1202 96
576 1123
177 1948
1357 1208
210 1980
1145 14
291 532
398 1201
811 201
1189 1557
1808 1907
1258 43
531 1434
946 683
515 1340
1892 730
970 779
657 1944
1722 770
1804 667
1562 772
1344 1760
238 1513
1350 1465
1647 1088
1968 210
1341 1707
342 385
682 1789
295 1805
1103 125
1255 963
105 749
1325 1032
560 1414
1179 1449
894 1159
857 1003
1432 1055
1380 181
8 214
1591 1771
1783 1588
1163 1827
230 1702
672 1047
812 833
1315 467
316 1021
1464 670
1805 1458
1486 44
1447 1590
1777 1946
974 1157
945 1837
185 1286
1566 955
702 1268
1262 1985
599 245
948 1332
1754 1829
1699 1919
1916 1900
1959 542
647 585
1396 1057
1279 191
696 1990
934 1645
1352 1375
525 649
612 467
1784 1158
1860 1974
857 333
299 1648
1115 189
501 56
713 1461
1966 337
601 1598
1437 1161
202 1782
382 1339
1240 336
1358 1983
369 485
1888 264
840 962
107 1769
396 114
650 810
1800 494
1380 1736
224 404
1947 1581
508 1055
67 1624
795 100
941 1049
708 1934
35 1224
195 834
202 1374
458 410
254 475
314 1853
872 1098
939 93
1578 488
228 333
1726 891
1498 1917
1968 128
1852 769
513 1171
578 1065
480 227
317 1271
52 1324
1883 1047
647 195
98 1169
680 276
1794 1575
1792 891
1666 1741
804 1531
1365 798
1258 189
459 1981
127 143
992 574
288 807
1205 309
717 892
1666 654
1001 399
476 1225
842 1087
1639 1532
108 18
531 1642
153 125
75 217
279 811
833 896
643 204
565 630
1453 1683
370 798
1887 803
74 1447
1887 56
617 1809
140 1820
157 25
530 858
1418 1953
401 469
953 215
273 1001
1639 456
457 876
377 1865
565 690
1697 806
925 524
26 620
776 1245
1255 705
1803 1420
808 816
794 877
1271 253
697 448
67 854
1577 1323
1528 167
1001 433
33 1984
1093 727
1296 533
1665 1758
1859 1310
1805 1095
945 942
208 287
577 596
822 116
1794 1465
901 824
1915 1071
1920 1824
97 624
1880 498
1884 1583
347 1241
623 1653
1689 1810
377 811
513 309
477 1412
643 1631
480 796
115 897
1297 1670
485 963
329 1609
968 1704
1071 1410
1807 1619
386 204
726 692
1091 1361
740 1900
6 557
16 1268
254 478
1352 774
574 187
1560 388
251 287
550 1457
337 1553
1113 1309
644 999
1474 553
1568 202
419 611
1742 296
1700 1270
1959 1019
1581 319
1116 332
520 554
179 1081
1602 1980
1370 624
1559 1364
1146 86
366 964
39 905
592 1461
1262 732
268 1997
1823 132
1138 1178
104 295
773 434
752 923
1742 335
1606 1405
230 1403
306 1994
1039 220
929 261
50 216
130 129
1164 1550
1495 1521
739 1873
510 861
444 470
1592 1524
1909 1638
1 426
1033 91
1891 997
42 1515
532 171
422 646
605 1430
52 1503
350 1853
82 30
658 1170
39 1958
565 1131
437 932
115 275
1181 1302
1427 693
216 1460
1260 1240
1874 203
1488 994
372 783
550 776
1486 415
1314 1579
1008 738
504 1371
328 1509
802 1509
1039 150
1264 1845
138 526
1253 199
1596 976
1405 725
1482 722
1331 916
240 1927
324 1454
599 241
1654 1756
1334 548
1200 662
977 1175
1464 1809
538 19
1421 268
1811 421
854 674
1247 728
1418 194
1610 1948
391 184
954 135
752 732
1410 576
550 1363
317 618
1223 539
302 1079
39 1770
962 1538
1325 1028
575 777
192 655
708 1023
1729 755
111 119
1363 304
937 1762
1665 342
969 1993
858 1756
1007 886
1087 494
234 258
1615 1961
1954 1518
1463 584
722 1707
74 1335
1718 948
796 951
1043 870
420 1791
371 295
1004 10
1023 266
108 53
1786 1228
1540 1887
1433 161
795 748
1960 1395
1670 257
322 1911
213 1558
1880 742
1521 1390
1180 1135
1615 265
706 1710
1391 14
1512 1909
1772 853
1446 1317
1859 1446
261 770
1341 1299
968 948
1645 1618
1518 889
186 1985
1219 1614
21 1668
869 1870
162 431
717 1959
1016 442
1040 1030
301 738
614 352
108 1951
1498 1990
1647 559
184 533
1761 76
1614 986
205 1950
1146 1885
1716 949
333 1256
1122 1373
1851 242
1489 943
598 1061
1058 1012
554 1535
1616 1053
1482 1936
1779 1264
1705 571
708 133
1818 1759
136 1916
398 1754
1660 1847
701 198
358 1119
737 1317
1779 808
1628 593
1972 1446
732 1195
72 1414
1252 1347
578 939
1897 150
1027 542
1105 483
530 813
1934 904
1633 250
690 675
1827 1796
244 762
1179 67
1688 391
1094 194
456 1949
483 1721
1728 1430
508 1778
1702 1703
1071 818
1911 951
217 737
1940 536
725 1813
1947 734
400 604
68 880
1437 714
682 1646
909 1833
1085 1270
109 1198
374 109
1488 69
1596 1639
1888 1062
1996 1263
146 1430
1297 1750
1797 178
1940 323
783 876
1786 520
584 1072
1831 1276
105 1404
788 1148
417 380
1794 1019
1032 1744
1923 247
78 1197
883 1082
870 1503
1748 640
281 813
124 1506
1909 1020
1732 704
1185 1158
759 1773
1719 1267
1266 954
612 1131
1146 337
1117 1255
436 286
1219 132
1057 1723
1568 1390
277 1788
679 1494
578 1576
1223 475
1019 600
335 1769
419 87
300 757
870 1012
508 990
1149 631
1040 1907
1820 977
764 824
1545 171
1074 720
1132 320
824 191
1467 1879
848 1408
900 330
1061 1393
657 263
1464 1121
1479 998
744 26
1148 1755
44 1855
312 447
179 569
1585 1549
110 308
1307 363
1406 1817
159 742
427 556
70 1388
552 950
72 1565
1891 1081
1303 166
983 135
1872 1519
1963 829
1324 1470
1346 139
1807 308
199 1502
800 1740
352 589
1071 1966
700 1355
1404 965
1528 1656
101 749
1387 916
135 283
767 506
1647 1162
792 1680
879 1800
684 25
228 1930
343 1956
685 684
1436 1203
1715 180
1237 401
641 1640
610 1635
1774 1813
1221 668
1762 415
678 1792
699 1378
714 638
992 591
1016 107
138 362
1547 1283
1011 148
1105 916
921 1251
1209 168
1713 1137
722 1486
778 1373
1973 96
1639 1534
1337 1137
1631 198
1293 58
273 720
273 897
437 1984
281 1991
1085 568
1340 1024
636 581
1936 1828
1257 1273
565 255
280 555
331 501
936 527
241 896
1544 1277
1022 397
775 921
559 679
1796 1446
1849 282
1917 274
672 1423
1564 624
294 167
1345 1342
1127 1919
1226 1872
744 536
870 407
1634 1759
56 535
251 745
1722 129
1182 1256
1042 135
717 479
530 1981
744 619
1906 1183
909 1937
1481 380
1207 988
27 912
1860 1314
326 1574
1132 1468
1027 1560
1827 1735
5 1899
546 356
1496 1633
115 1843
1777 13
1887 512
519 187
264 615
1659 1439
260 1874
1592 940
412 1687
705 1135
1371 990
1635 1191
1031 1233
226 1000
1124 1558
1593 1355
1142 1089
1916 871
1345 72
1937 1161
1195 135
585 292
1177 148
1442 397
1316 845
1986 563
357 1827
1007 596
243 1008
1261 1355
1729 1361
933 1756
1744 525
1576 364
1999 843
612 874
1663 701
244 460
1879 222
1701 631
796 272
1423 1149
1746 65
13 1080
1953 1330
1797 1211
1245 1914
1442 826
476 375
1179 522
1040 746
717 1537
515 562
1289 1787
1358 241
1257 131
1853 139
179 155
1637 1834
1939 1902
1966 884
569 830
588 1686
1536 760
1011 1640
917 1060
19 1472
40 1908
397 39
170 1819
608 17
487 1384
948 1451
985 715
1690 1981
1132 1008
1652 1295
1036 474
214 931
1879 804
530 1533
1574 413
1522 518
721 903
1735 276
739 196
1380 1672
1351 143
1341 975
1140 1655
1920 449
828 1275
850 829
647 769
619 1500
608 1677
1170 540
917 499
592 1767
31 1982
1576 1549
1346 1420
1872 7
1348 390
820 266
831 374
1237 1654
1604 1926
1377 1610
1223 1404
1227 551
66 737
501 1751
112 1771
707 1648
872 1124
480 186
1496 64
864 89
1670 1286
1738 234
910 867
1910 1898
959 1907
1995 1971
1911 1445
636 143
776 905
302 309
341 199
847 215
1392 412
1507 234
298 1198
1909 664
1950 843
862 1547
156 1889
241 435
1911 1191
858 1012
1851 137
1436 1190
1494 1780
755 698
573 342
1846 1932
874 288
1228 34
1060 132
574 963
616 706
230 1854
1535 687
1930 1636
1590 1600
1583 1138
1888 796
1232 935
1730 528
734 1175
1442 339
1940 1353
707 1235
1940 833
291 1108
1528 1167
872 1564
717 926
1265 203
1794 780
1650 191
1463 591
603 959
273 485
313 1541
897 1853
1601 235
172 547
698 896
1995 1721
838 255
305 1572
1185 496
8 762
559 1102
1456 602
1505 1916
211 858
1257 46
1456 1554
1384 916
1202 1431
1221 1227
1326 666
1519 423
756 1987
1818 1668
1290 1723
961 1005
649 29
1040 546
228 1215
1882 184
582 135
1837 815
1817 826
455 105
14 404
378 292
1402 397
240 1529
677 93
461 1900
855 1643
1739 1113
568 1944
857 1884
1747 638
1863 1419
1016 1381
77 1427
665 297
340 888
676 15
1265 1123
288 1715
18 548
1471 1571
1142 967
70 823
877 435
33 234
532 73
1731 1761
458 89
1122 1101
315 296
1698 553
1850 306
338 1294
111 1359
1385 296
321 1284
1846 781
228 1204
1960 754
1255 867
1243 553
389 38
493 1836
1424 1875
1793 1252
312 1198
1687 20
60 1139
872 1869
764 1842
515 200
1815 1982
710 425
1095 821
1466 1351
1282 1490
998 818
1013 821
1490 925
1403 960
372 1128
210 517
966 1831
1665 1497
1783 403
1837 1332
771 1296
1071 1392
1256 1217
1408 154
199 1978
1445 1695
1090 223
973 92
622 1331
739 1584
1612 861
1872 259
998 145
1282 1983
1336 779
1373 1901
1823 135
998 1156
1850 1819
1073 730
1350 1279
1636 126
515 403
515 623
1050 1946
162 1372
1986 355
1719 163
1846 1420
281 1579
364 1943
862 1455
966 422
1709 841
112 1634
1392 134
1748 1660
329 1119
1171 1785
1423 715
1416 1035
565 172
1341 1787
82 479
444 728
418 360
840 24
966 224
52 666
1511 762
1064 124
1646 99
383 234
622 1150
196 963
98 1940
1058 1048
1459 1524
291 1
173 1978
717 1630
1142 1859
1689 1608
532 1477
251 1719
1715 1255
1915 971
243 1418
373 657
193 1800
160 517
1583 810
449 950
1514 783
1981 292
277 1618
722 1652
668 605
1007 324
722 1717
1453 1776
1789 1967
195 228
23 721
643 1872
1942 1452
1248 1685
81 807
1860 1878
60 269
1945 1308
1212 536
1448 1116
647 1334
1978 1764
1202 45
1876 1638
34 1086
1757 289
1505 263
906 1419
1094 461
1729 1108
26 161
463 1543
1482 959
1101 1695
1946 662
1921 1746
1936 352
325 311
1228 883
1879 1246
1180 505
235 129
953 1866
1232 246
306 896
1299 1289
541 375
505 491
623 1259
1747 1723
914 852
1973 852
1299 1091
145 319
772 769
919 1757
703 850
1405 191
915 967
1689 1577
1590 278
617 1826
1381 150
439 686
1237 1282
1147 1080
1879 1841
1822 107
859 286
1612 1630
846 1441
102 139
338 1143
1733 187
1902 429
1617 1668
1516 1805
1315 1753
1535 187
1337 955
1801 996
1666 1202
1094 1971
1538 1473
1488 1987
935 512
588 278
273 1350
40 793
684 403
263 524
1501 539
1858 29
153 487
1994 1061
1299 1182
322 442
1940 546
712 1313
636 1453
162 1372
372 369
1467 86
1127 1704
1406 817
428 966
22 399
937 320
410 743
1316 321
220 871
592 521
1693 793
152 1084
1456 592
1158 1955
1914 1679
612 1065
1621 1655
648 824
1356 1475
1538 1497
1331 1262
497 1191
493 1582
622 1132
828 822
1690 999
1277 448
1564 863
1656 1451
1891 963
42 1121
1071 492
1920 1418
1378 90
1838 1389
641 27
493 606
1604 612
1944 363
1259 784
1620 764
179 1289
1450 1443
1766 1218
776 637
285 458
46 258
428 1179
1170 758
1115 1153
1219 497
845 989
966 1730
409 587
1189 751
1386 1107
476 908
162 715
979 615
1 630
1972 1216
639 358
917 1458
243 1956
1501 1404
1796 527
1888 954
1999 846
1986 624
182 1417
1547 1963
1917 680
1772 1032
1893 1649
1142 291
726 1857
1493 318
1826 361
320 1012
137 1494
1653 758
985 1173
1863 1021
865 1280
353 1594
1774 1518
1793 976
110 1671
98 1378
1434 1762
146 1169
1964 1393
1950 1620
428 1801
768 182
681 1683
1335 221
919 761
490 1822
854 646
189 122
1600 103
112 833
1860 405
430 1312
1820 605
1236 1589
1761 356
289 1510
1633 888
613 826
186 277
402 1863
1 703
228 1329
1475 1644
664 913
153 1248
291 1917
932 1058
1223 154
1893 43
556 1177
1360 190
8 231
1786 389
1305 605
1301 753
280 655
1207 704
113 28
1321 1495
1675 213
1614 1546
1341 1768
612 1830
402 920
1176 1390
1620 1817
395 759
693 947
722 1691
797 1955
741 1894
928 506
100 271
552 1856
1776 1044
1822 1459
1073 270
1763 1460
1579 1980
1170 1508
1341 577
643 655
1089 524
368 1852
776 1070
971 184
1467 585
1881 1857
490 984
132 1426
1136 893
1140 509
726 443
775 1713
795 824
1657 581
1726 482
1822 174
848 1664
376 1560
1931 999
1243 365
1450 1238
1939 1174
808 771
1117 1264
1098 1565
1772 1173
977 1133
75 1622
77 1674
552 1870
16 231
1392 1870
90 1096
416 407
1453 1322
480 1690
1836 107
364 399
1472 188
544 852
110 301
1142 472
288 402
458 847
14 1383
1042 1446
211 41
917 1140
1050 110
169 1825
1916 421
1986 1962
1123 1871
473 986
1734 833
1920 918
869 893
1245 1958
1877 1595
1443 1184
767 1972
1817 539
690 602
1188 885
1881 1128
753 1112
348 1154
1674 1010
919 1067
1719 1083
1831 230
1077 93
51 123
919 278
1528 1247
222 105
823 803
716 1076
1580 299
170 882
995 1379
1152 1475
1817 843
1434 392
1324 1491
205 373
1072 1978
288 993
273 1992
243 857
858 12
732 1658
1445 198
1798 759
1654 867
1468 404
48 1867
460 729
726 677
138 453
1267 1643
1779 1229
443 1268
1077 176
1663 986
964 993
657 539
481 56
1634 737
1525 482
124 922
1410 403
1574 1401
1457 1164
1634 1971
633 41
716 1823
518 823
83 1918
1999 1625
1435 1509
675 420
902 290
344 981
714 1492
1931 590
171 868
1988 788
480 394
1649 542
864 266
1514 1387
1278 408
1759 1546
1059 1853
88 1236
1609 1552
1050 37
74 1323
607 1969
145 1751
196 1125
1866 284
1747 1119
739 484
101 508
1817 1531
970 1903
928 372
1152 1914
1586 1490
785 1370
622 11
883 1449
1090 1374
1593 1109
1823 1429
1805 271
1637 993
1833 14
1187 901
647 862
409 80
344 1236
554 441
1562 452
1849 252
975 142
602 1454
340 1811
1925 785
1625 1319
427 1933
520 67
317 498
139 670
768 1943
1171 1096
1207 893
560 1580
175 494
710 814
419 1167
244 680
79 1056
1230 514
1267 1841
238 792
457 1817
790 1569
970 1317
751 1317
1188 1465
610 1381
1702 1463
455 1735
636 1839
636 279
1627 1965
532 1767
908 1234
1461 1394
777 1775
484 782
688 1442
801 76
1458 1492
1481 1424
787 880
895 796
693 76
237 1404
1650 947
1789 1304
614 1307
428 842
64 1417
898 2000
1459 1894
1166 634
1011 596
869 1767
1201 1710
1134 1304
682 131
879 1599
333 1279
1851 827
1830 600
1925 1114
844 1063
1290 1858
344 1141
1852 581
1696 766
240 1300
1418 48
878 378
1047 139
115 1247
621 393
1022 394
781 255
75 1022
1060 91
726 192
1789 1944
1285 1871
1779 1364
22 1977
696 994
174 332
991 830
1865 1938
394 742
1763 490
227 822
757 301
513 260
1615 1549
406 1990
1915 778
636 492
1403 1751
1015 743
1777 802
518 1862
878 952
985 314
1649 124
853 1881
887 1917
1011 1198
1117 1767
575 1144
1637 1004
214 1546
1050 71
1296 1317
866 881
397 1412
622 1142
1897 698
838 1395
1640 949
1200 1187
1396 89
1499 29
1642 721
1106 914
1706 1220
1576 1248
1529 819
718 358
252 1837
1889 951
582 1938
427 277
1048 1800
1318 1358
1360 583
1181 87
1054 636
628 850
1232 1298
1575 342
1743 1292
1413 438
370 747
1257 1712
306 811
1228 356
872 639
917 157
1742 1868
611 1082
877 921
1724 319
685 1838
620 1692
583 564
1176 1548
756 1595
1004 883
154 353
503 36
861 739
1299 495
251 248
108 397
1513 1092
966 1716
877 1335
612 126
1440 782
34 1983
1396 735
1472 466
934 279
1368 311
1496 1655
1026 1769
1303 1155
347 666
536 1773
1528 128
988 1009
834 1437
634 1184
1468 1665
1568 149
477 2
1518 392
239 774
69 1088
1150 1517
1377 1947
280 766
66 1903
1886 1624
878 1638
345 988
571 1989
1142 759
622 1050
1650 1028
1961 1709
792 479
1066 310
137 674
550 473
463 289
1419 1120
897 1453
991 1337
1341 363
1132 1295
1057 880
902 1181
702 1572
293 1870
490 815
373 180
1037 666
1639 872
1583 710
1628 1603
1155 1025
992 557
262 1991
622 437
776 106
243 885
1741 1784
1924 496
611 265
946 521
1590 516
1597 742
316 352
336 1669
183 1997
1712 495
1283 1975
313 1807
872 300
35 526
761 1626
1864 632
1406 125
1227 1229
108 493
1085 1577
1490 837
641 1945
291 162
590 959
1343 1126
717 1872
411 1771
921 242
406 1306
546 535
1186 406
152 1852
1058 1465
361 1951
1213 251
674 856
504 1026
826 1183
40 334
1043 501
364 1790
1972 226
82 1644
622 53
748 771
1789 952
1384 867
1094 1990
325 1964
1880 876
1637 148
1121 947
1182 681
1223 1766
1106 1292
1208 1685
966 1496
1021 927
937 838
1421 271
1131 123
919 427
730 1537
593 1827
370 1342
1069 1540
1743 313
1524 1626
872 1314
1365 279
1262 1700
799 630
550 656
1833 1887
622 486
326 977
461 292
1221 174
727 586
1138 799
1232 220
1952 1396
1782 404
765 397
1287 400
740 1229
895 731
1528 1329
1457 379
1984 1446
374 729
295 1711
855 936
690 1614
1254 1613
643 1863
733 1433
863 864
1613 215
422 279
1797 749
381 432
126 1506
33 803
93 1778
1940 943
626 993
641 1274
1455 1160
460 1733
1742 1894
931 536
1149 83
33 1750
239 1897
1460 1472
139 433
723 1214
787 242
895 1179
804 1107
1945 1660
118 1516
407 1398
525 1975
658 1148
1699 1184
1518 605
1742 1628
1823 1907
1403 1781
842 870
205 928
1448 12
1258 1720
1742 863
501 1426
844 1691
685 601
1638 745
313 598
1258 1108
1528 699
860 943
1207 1335
1493 382
828 1535
1035 1015
1570 1045
1703 950
741 1848
1990 1983
1729 1454
313 1856
1450 1981
405 534
934 126
1363 852
1681 1791
218 1462
405 1091
1793 436
14 1507
409 106
170 399
1740 425
48 824
668 1294
576 1877
1241 789
1232 1266
610 1591
1613 126
543 361
441 546
639 1300
475 59
256 1332
1650 521
1872 1219
779 1543
1645 1454
815 1134
1163 1095
405 239
737 1215
1411 641
1438 442
399 1195
1831 763
1689 1528
1850 1623
1205 1697
320 1939
1203 263
1259 1393
648 971
771 1393
926 1120
84 942
1194 330
134 1598
440 143
1850 1684
4 963
1840 1103
1532 1603
1786 906
1645 1053
1295 742
666 1134
1051 1104
1986 268
1746 1586
1601 461
1846 1648
1510 1890
1237 848
1186 1429
1091 181
1449 1770
11 744
1446 1312
774 412
1631 663
1793 1926
1085 22
682 1804
1756 837
974 713
1114 743
138 1162
1613 868
859 1710
958 661
857 545
252 417
1014 1834
767 1938
1683 590
918 987
534 764
1776 730
1071 994
707 843
115 461
1232 431
1257 1438
1227 1370
298 777
1998 613
1179 1151
272 1649
536 1687
1852 628
228 1343
170 1366
326 907
1032 1182
704 1648
1193 1837
1713 1099
53 190
1274 1825
520 1879
8 488
1676 1067
1352 197
437 454
351 1718
1650 279
1456 851
718 1295
1864 1707
1805 303
98 732
1442 1655
1673 1461
1325 457
1787 14
381 1553
865 157
1340 1333
647 54
787 1193
104 611
73 1327
182 417
1164 563
1423 541
1807 739
1253 969
1544 1944
1819 260
1532 243
1477 1508
1906 1358
1082 1814
1465 704
51 1300
657 1573
665 1085
712 1291
1697 1035
436 1024
1613 434
1860 542
169 593
469 82
1633 1648
808 247
998 567
1982 1569
1434 1530
668 1529
1779 1413
1596 1116
895 719
1489 178
295 1378
1597 642
1486 1397
968 139
782 1929
1654 1599
883 1740
1045 1824
1571 359
1069 1279
1846 1405
1760 1785
1622 121
1622 694
1673 1931
1100 1587
199 212
1122 1065
37 1407
872 153
1205 493
1990 952
8 1000
182 1408
1121 204
1721 762
1885 809
559 1667
460 605
1761 15
108 1337
890 247
17 324
1216 832
1730 477
1715 189
277 1814
282 634
1689 1786
1423 1636
1391 1530
490 1145
251 706
1237 1621
579 999
860 1843
1310 1764
1150 474
1784 802
1706 363
599 798
1175 54
643 1819
1289 220
262 1260
1063 827
1004 329
435 589
1226 511
1789 83
214 276
885 1210
919 1226
1336 1173
110 113
1323 1680
138 1882
1224 1776
1357 615
510 1275
1990 629
501 1592
1016 28
1791 773
1535 1222
326 1072
1754 417
828 650
579 1385
1505 116
1069 415
961 1261
1338 572
1149 1015
206 549
1354 855
1916 1721
205 598
343 317
78 1103
751 1168
483 85
1340 226
665 1817
1442 1836
1146 278
1227 828
1109 434
734 1923
1067 479
495 375
1237 390
598 815
122 1556
755 683
1647 1123
1878 1386
83 600
1150 1559
1351 442
1542 144
1968 901
1076 246
673 213
164 935
1089 873
953 1511
1784 1361
195 205
669 1555
368 217
1411 1063
227 973
617 1549
1329 653
1921 1982
60 789
563 882
902 1749
1128 426
381 1946
85 1668
428 843
859 1727
268 958
1878 682
281 1952
1 1034
1754 83
492 1507
838 1949
717 447
924 1695
1246 820
1961 1464
1746 530
1152 358
1410 1265
566 1830
991 1043
1155 634
1041 1357
391 1559
1726 1471
464 1440
457 1398
331 1752
6 1383
545 1384
665 996
836 1993
1384 684
1593 1876
1583 1704
1956 1211
733 310
381 293
1145 494
153 1200
395 1700
1712 1443
424 994
1256 193
1489 1484
362 1320
531 463
1784 245
477 269
1740 1417
543 83
1675 28
708 1640
519 837
1071 345
1772 1247
1227 506
39 336
778 20
1462 70
1051 515
1132 919
1330 1060
268 229
1647 914
309 1687
115 1968
1528 1067
427 433
570 1407
1673 1614
648 783
1874 941
159 168
175 723
1618 435
405 688
977 1074
890 1177
1206 1019
1476 1979
1660 1349
461 785
1288 196
153 1224
1999 1497
177 1516
706 552
1287 1813
1290 1439
1338 1080
107 936
1903 1605
1265 319
1141 678
895 896
1425 1975
974 1008
849 114
609 1131
637 32
802 1003
138 1694
1747 466
1209 731
1952 1053
1683 951
223 546
1277 1141
138 1486
452 1927
890 1475
326 256
685 1363
1851 1030
640 1626
1226 133
1399 1733
67 403
1714 1208
240 1497
1511 45
1930 883
1472 304
84 238
1879 713
134 130
1494 1677
506 609
792 841
1374 390
637 1456
168 1641
554 46
1142 909
1860 1479
5 150
532 1640
1921 550
140 164
1469 1989
160 1084
887 1199
771 1405
1292 544
654 1843
185 1489
1500 770
1850 854
977 1578
534 1260
731 715
875 1016
1534 1013
40 1046
1306 1891
1350 558
1707 1949
650 1780
1742 1145
856 1721
1345 562
1054 62
1436 770
960 847
878 147
1150 1619
1663 1935
1476 1849
1933 1890
726 752
1438 735
1738 1672
656 1270
836 258
1232 1796
1689 751
1831 738
1510 1389
173 165
202 1542
726 597
1647 136
1031 1443
170 1759
681 13
1995 1721
582 679
1372 1503
1289 1937
1236 850
1601 765
1746 752
1359 423
655 1452
1203 1327
1731 751
228 985
1213 318
1746 686
1403 1752
160 760
1180 632
83 1825
1673 245
1950 869
1843 1551
690 1632
1829 1472
709 1393
1326 8
1391 372
1420 1587
1703 596
957 1420
1557 1020
1191 1611
813 129
956 1640
1667 567
699 518
230 1839
75 699
1784 1756
1713 1002
1809 631
499 1317
1418 341
1027 718
251 213
1746 166
265 1046
733 511
1197 1683
456 575
644 1700
1337 1291
28 833
481 1206
1570 1011
361 1581
874 1183
285 790
256 1030
1366 811
701 1741
1202 628
1514 497
1122 919
1864 1682
213 589
681 157
1343 1040
1047 1813
563 447
689 770
1303 1241
1101 1183
1263 1304
770 1002
678 1038
548 253
1326 777
1779 1406
1282 680
1726 104
674 1483
1397 1300
934 370
1666 1441
1888 963
861 1880
1371 1497
481 459
1424 1653
351 390
856 1556
1423 486
937 790
1576 1954
489 561
1197 342
347 1869
12 516
46 885
998 1725
1587 79
1888 777
1702 397
1519 527
218 632
713 193
702 821
991 1401
1320 1388
1833 1298
348 96
476 501
1762 324
1830 188
1353 1942
108 1014
499 1829
418 1456
288 416
1838 73
1255 70
425 1029
647 152
1043 1294
1720 1114
1380 1133
172 827
1844 292
273 347
405 119
1180 1992
84 237
1263 1795
140 1808
1189 383
1751 766
1361 551
11 294
870 582
937 1340
180 1862
1726 1346
677 32
1807 1553
1087 54
1271 707
1830 809
1014 1543
520 1605
753 735
1820 1401
612 79
1247 866
490 1030
1987 1914
801 587
1621 1771
1132 751
1536 1112
246 606
1288 272
883 1086
1511 1723
462 258
1141 451
685 360
693 106
200 1443
351 1114
1453 1473
452 1210
122 1508
1796 1372
927 470
216 86
1634 845
1117 1984
107 123
1805 823
93 635
909 1176
8 1209
1126 1249
1280 1969
1443 470
1726 370
1693 750
259 1936
1774 468
801 924
693 1033
522 674
1846 859
1353 646
110 321
975 49
1838 791
1213 1544
1706 1371
937 983
246 1165
1225 1349
1698 816
1590 1194
1080 1270
1717 1167
598 1389
1691 32
87 1886
1617 704
1171 537
186 1135
1946 536
60 1858
1684 284
170 250
15 219
1035 1016
525 286
195 1975
582 1319
236 1220
492 471
956 669
1248 1244
1832 1997
460 1869
1455 1844
1436 1352
1142 169
576 240
1465 494
702 1381
1638 365
411 770
1710 993
1214 1679
260 269
1369 553
1622 1456
1462 984
1399 1734
503 389
1880 1222
1306 1305
325 354
708 1637
1772 626
1185 1517
1253 1722
924 1448
1637 1269
752 1360
1341 1231
1384 908
313 1347
1663 16
1659 1349
998 627
1325 984
1022 1734
1151 267
1185 7
1693 1110
1237 459
1461 1429
1835 1613
672 1808
1315 1624
1238 813
994 1943
1633 1408
1237 847
702 1688
1988 844
884 1256
881 1977
1879 503
40 173
1602 1072
1360 1567
576 597
1608 870
1512 1716
1566 136
1071 1755
1901 978
1066 1180
682 387
263 1790
1117 592
1676 939
1818 588
1094 86
1534 945
1094 1629
1104 495
1845 1276
80 292
115 452
1674 1540
579 1984
1996 1063
1338 117
1740 847
1573 890
1138 1080
1176 385
554 1832
1531 829
1970 485
542 571
1848 1319
939 1318
93 911
501 600
347 441
320 1595
1602 1999
1830 1917
1514 1020
1607 370
625 889
167 996
1586 922
1413 461
1063 25
308 1103
513 1628
306 996
301 352
437 669
699 17
516 1721
825 221
225 1599
414 1760
100 628
1659 356
1352 70
222 150
941 321
1341 651
368 1842
1665 806
146 1136
1917 615
1934 1558
30 1173
1384 1944
835 1870
1359 1855
46 1399
669 60
1621 1634
1593 242
1863 1460
722 705
572 609
428 1251
1448 1969
1496 1573
405 75
974 88
710 1723
154 642
1627 588
1647 1899
1271 1669
1660 938
1528 306
1411 255
1164 1727
225 161
273 158
1432 935
1468 1242
712 1770
828 1370
1007 424
1229 1057
1917 471
1512 1375
1776 1891
384 1374
1434 95
280 1900
1213 259
153 177
386 1483
700 1793
845 1785
853 1798
1973 1834
11 785
579 531
1555 1375
819 367
1542 407
252 533
83 798
1770 745
1073 1725
199 255
1482 1395
1986 1947
1549 100
875 777
159 185
152 508
1909 1226
317 1327
406 1614
405 75
1288 727
1416 244
1723 58
722 399
1427 1465
957 447
1348 178
1920 1555
632 1551
583 1805
5 1388
101 1314
328 1760
894 686
1253 433
1058 106
1920 1262
616 1265
1820 1774
862 1017
640 1938
1786 1627
744 773
1718 1074
1725 1177
1939 1905
582 1453
245 519
1999 56
1598 1698
1225 1926
1264 770
1539 200
1767 395
1985 1440
1586 1975
344 1294
1739 142
170 753
1840 1823
1667 1249
1106 897
1830 511
1321 358
179 1027
1301 541
35 1484
256 1959
764 809
1801 1689
503 1128
1222 1144
1702 878
503 490
313 1841
1306 1824
1415 1900
416 113
72 1800
1357 184
1353 1985
880 20
136 1563
686 1530
506 394
1751 174
1717 1828
1732 214
1105 1397
11 740
1860 775
1145 662
111 363
933 868
1423 1017
1658 904
1436 377
482 1101
78 901
1057 485
1367 1284
1997 184
1781 1582
469 934
716 1385
504 187
1676 363
131 279
218 1106
400 264
1604 708
506 1052
1608 1988
1793 1495
886 284
1973 138
643 1784
1200 1377
1663 398
767 254
884 993
1453 173
1331 1020
1811 741
1888 594
1775 1756
301 1240
1795 1584
1818 1916
1840 801
765 1658
700 484
889 1744
1633 694
1349 65
1748 1526
702 1336
445 1769
934 453
1243 1839
432 63
22 1362
916 1444
1965 338
1938 1395
157 1949
142 580
1257 1618
566 594
819 1048
1028 116
1055 522
1282 288
490 777
78 1829
1566 422
1342 1962
1193 1088
897 735
550 1665
487 490
883 413
22 510
1094 1513
614 192
1325 1188
1693 1531
842 419
1622 331
1639 1666
91 600
1715 549
204 1561
364 926
321 451
1027 450
235 1143
269 1599
1747 427
581 1164
141 410
707 561
406 256
75 1396
1031 1230
1338 1756
1950 1033
157 242
437 424
708 1338
909 1221
1536 616
40 440
1391 122
98 1161
237 1664
244 1727
1841 983
450 1412
1877 1638
768 1049
676 355
1761 572
177 513
1353 1967
1185 880
1921 151
341 56
775 1402
416 1082
211 902
614 639
1829 65
1397 1414
1545 1679
1797 365
1136 492
1713 719
1261 1401
515 879
608 512
1716 407
937 525
205 1910
1947 1970
919 810
1469 393
1891 613
186 408
931 742
703 652
565 472
1040 807
8 1122
236 1177
566 270
325 1851
1963 607
1661 1118
1863 734
1501 1678
1716 459
894 1249
1325 1521
1519 1641
753 1285
372 176
299 925
1716 74
1876 1278
751 589
366 1304
1450 1012
1351 1753
109 522
1424 390
1731 574
1514 500
300 1418
560 1411
208 1632
1935 1709
1879 777
1180 828
1354 1991
368 713
651 886
1982 388
1990 279
1248 137
1924 484
155 299
99 1918
596 9
438 714
598 5
1615 944
177 1296
1176 431
256 147
1021 1422
608 1441
1351 1057
46 1235
1834 1256
510 1035
917 1295
869 607
1233 64
21 522
1489 679
611 1394
1222 1211
1224 1187
612 1040
796 1880
961 1945
425 410
864 1064
1227 562
972 658
209 732
531 115
1966 1798
225 596
1906 613
797 1133
164 870
281 1015
1830 1571
1135 1000
208 1592
467 1444
1448 833
1455 1024
12 754
1911 492
1213 1822
623 33
480 112
1628 1812
1099 430
1734 1025
1645 1290
1443 1664
766 1153
1346 1118
979 929
1392 491
1676 1708
130 729
1893 1662
945 1001
716 1888
1446 442
1676 748
751 1579
945 1915
295 282
1246 564
140 1280
1536 735
527 445
1920 1925
1496 989
1259 1932
1029 1276
1 1260
499 284
1190 1448
830 1497
1 1095
906 1053
1151 1276
1094 242
1115 1625
554 329
513 480
1068 805
1525 1571
1405 1021
1671 188
778 1645
1762 375
573 458
894 723
1738 507
1023 1155
1533 955
1585 1360
1380 435
383 1578
1950 126
1808 988
1639 1905
1396 482
1079 789
659 1443
930 849
687 880
1330 462
575 1113
1973 978
1122 1624
1467 513
1199 709
899 1047
768 770
1730 385
737 1472
1302 1681
1570 1881
204 993
966 102
1749 621
1968 276
480 1035
1986 1616
235 1640
208 853
1043 1803
621 1292
1915 1919
1545 1972
312 1124
858 1520
1772 709
1576 68
1678 663
1466 1279
1689 561
977 1284
1442 1364
1706 1215
1953 36
1132 455
1122 418
956 805
387 528
655 526
409 423
1666 1910
1872 582
1142 211
974 1474
1860 724
1947 707
1649 607
1503 1983
1326 14
1722 236
39 1235
767 231
1445 981
49 705
1511 681
1149 738
1182 1421
111 90
1807 1828
1833 47
650 959
1631 990
1665 363
834 1937
1934 1733
1615 218
743 1928
1815 1426
804 1825
1155 1520
163 30
1747 1682
159 1673
88 1269
1645 121
801 1290
306 1802
287 112
1016 1828
1763 1916
1566 1941
1540 1499
320 519
1354 1192
1646 411
1652 1363
1229 1118
1436 1060
1913 1178
1892 832
1302 1914
1457 563
118 1937
998 887
1416 1100
1666 915
1564 1601
384 1956
1949 151
1803 1239
1498 144
1299 197
678 1848
476 616
598 1918
957 1662
1673 440
418 1135
373 1820
1466 754
417 799
700 1307
1819 1462
146 175
1400 1005
1722 1164
294 1147
1260 1594
218 1960
1932 1426
1992 1551
1696 154
11 1078
1025 1192
1428 1513
1548 1599
539 1943
503 1354
734 470
399 1473
43 1714
127 1698
121 1982
1250 148
1069 678
1974 359
131 1275
98 797
1663 831
1114 1798
1583 221
1967 613
454 1983
1186 1525
1476 371
250 192
505 354
1232 152
819 64
1182 865
1237 31
1588 1412
510 1149
1388 242
86 642
1716 1129
1915 1745
700 1376
1447 217
576 732
1620 388
717 1429
326 885
1921 368
671 725
1688 821
1793 1949
705 728
532 1546
1230 710
19 603
700 451
708 1321
1596 1726
848 1332
518 1591
306 1263
936 29
1079 1156
785 1218
1213 893
1212 559
232 1211
1420 662
1726 1912
999 1162
1256 1594
47 1867
460 535
503 978
1265 271
74 393
1141 1273
966 1566
1742 1808
1936 1095
108 988
795 1144
1555 1591
1553 590
504 1065
240 316
444 1626
862 680
520 1798
1990 1605
243 601
1580 1305
1859 456
665 1951
1188 1504
121 1993
1985 1074
657 1665
845 305
344 1333
861 79
879 1937
401 1216
230 607
805 1847
40 1437
979 1679
997 563
789 989
1152 591
1238 1811
647 1291
49 1475
676 1080
1255 1016
853 1150
1816 1161
1321 654
684 1486
854 258
527 1144
216 829
1689 595
175 929
120 1407
1071 171
1042 630
1888 381
1602 1126
881 321
1615 1245
1141 819
532 1130
478 23
851 950
195 118
1606 176
1214 1095
569 1613
1122 1732
16 1587
942 1870
1754 1128
736 730
969 1474
690 186
1147 1020
1766 1162
554 64
1602 554
1614 1409
1849 262
309 971
530 38
1693 381
992 308
1910 1678
1468 1868
1226 2000
1547 662
186 1600
1601 252
1864 1977
372 450
1534 1401
1259 17
1521 715
1481 806
1564 1607
1596 1925
1911 83
858 1749
1050 427
1722 700
57 159
1620 879
634 1785
368 1972
228 424
1115 1711
218 1791
617 969
647 1365
1525 482
1603 1198
1302 1506
1228 1757
1826 295
1287 301
1786 1688
1203 908
1262 278
294 1351
492 739
938 1195
1590 1963
449 1369
938 557
301 815
647 1693
520 1963
1468 498
1274 631
280 732
48 9
672 390
416 1869
638 20
1647 539
126 1845
195 579
1660 558
818 456
828 1822
1564 156
1483 128
582 1991
308 1433
702 237
472 988
716 1021
323 1343
984 442
349 844
506 184
1925 1438
806 507
50 837
684 1185
171 283
1402 746
1456 739
1121 172
348 1893
647 1527
71 1945
52 286
1890 442
101 1469
1036 585
510 1662
1424 846
111 213
1196 1991
240 1522
1730 894
1106 733
446 762
134 807
1722 1636
654 203
212 1669
368 44
1336 1557
105 759
1343 600
898 659
1392 1408
1220 1390
1334 1309
260 1835
78 676
1716 1627
1437 498
334 1364
1334 1492
696 594
18 867
1146 976
1264 821
1398 921
340 138
1263 426
617 1459
887 673
531 712
992 936
981 837
915 546
483 1938
622 1860
1999 1938
968 533
225 250
1878 1768
605 430
932 10
1910 993
372 931
317 640
1204 1742
1689 795
1264 1976
1326 1031
1794 305
1505 743
647 1199
1285 581
31 519
1959 1201
1724 215
1328 810
808 897
435 1669
403 1183
1522 1678
664 1627
851 1538
1908 763
1214 1993
1909 372
565 1257
96 1567
1496 644
566 695
82 1254
751 794
55 1936
1748 95
294 1421
1637 1920
893 1417
1340 433
1801 1737
895 1896
101 1539
945 775
265 1449
1344 738
1115 1824
1186 716
679 1519
1440 742
1534 97
1072 122
1713 1677
274 1796
1554 1611
1840 1436
1930 1126
1230 1929
137 327
1286 1599
1277 1440
289 1272
985 806
1446 903
812 411
1071 1732
1533 1095
1299 384
687 876
1152 132
210 727
1746 1938
572 1087
665 1362
195 1216
1823 1636
1168 949
1996 355
1432 321
1991 1401
1727 896
71 1478
1165 1229
894 632
1027 1595
1620 505
1654 312
1715 1081
243 146
98 502
909 1505
1915 1301
249 574
1495 120
1357 819
277 1409
531 1087
1652 1268
1273 1155
508 906
1784 600
1432 1454
728 1537
240 1322
439 1373
1006 1177
95 85
16 1271
263 1655
1689 1840
1887 132
309 1119
1305 1828
287 477
28 1174
1224 496
406 538
683 213
1449 1349
1850 1378
475 1871
180 117
1477 856
520 787
228 1498
420 1821
104 1425
1455 1945
1847 963
1945 959
274 1382
1808 1473
227 1279
1639 1982
275 519
1675 1997
291 1501
558 709
1480 447
1979 1342
764 827
774 927
42 941
1534 1237
1488 1236
1397 646
1781 206
909 364
1786 1536
300 1285
1359 431
1004 1160
1495 1700
1608 1873
956 130
1913 1880
1321 607
35 1294
1743 281
802 1867
272 1704
1860 162
475 450
1610 698
542 297
665 42
825 613
1082 486
105 1515
1158 1594
1570 1396
965 784
418 235
1985 278
1789 1573
932 1794
1185 1057
1204 17
1702 282
316 224
1436 821
923 1053
1771 1765
1578 274
10 1453
1635 805
537 121
290 1416
804 1141
869 234
22 1698
1596 1512
75 174
865 1248
331 1937
998 958
1748 1351
838 670
222 63
156 744
627 1611
802 1899
403 871
235 1440
1434 1552
728 96
1666 598
162 925
1019 232
553 1626
1275 449
785 1589
350 812
1710 1745
1287 52
592 1239
1952 898
1425 1669
1580 1679
966 439
1261 1113
263 89
1596 617
12 151
1188 248
1809 1957
350 1049
795 961
1638 424
1793 1173
899 903
1833 1633
1761 578
1637 1842
1335 1537
581 1052
1377 1817
326 965
509 644
11 755
1145 1494
39 83
225 409
1514 14
1019 1342
1179 1664
648 355
727 215
1026 580
1067 1500
1893 445
599 141
864 885
177 120
427 911
19 26
1882 551
1180 1210
1706 817
579 672
1580 486
808 259
1206 1611
1237 1105
1240 1727
1713 789
1210 1672
779 116
1607 290
1840 376
675 562
538 1606
708 604
1774 1750
1854 289
1909 214
560 862
977 1236
800 1990
486 1861
1789 1079
243 98
988 1560
1256 151
450 1883
1691 351
334 471
576 1
49 1060
992 1023
1021 1336
16 1500
1663 1901
287 1246
1819 278
1078 1907
1637 1047
1230 816
1642 378
1478 1755
587 1033
947 1426
1478 607
1840 1229
1823 787
659 1028
163 142
77 578
858 111
1528 1840
1145 620
776 250
776 1691
1290 149
1636 952
331 1125
887 1092
1087 730
1112 375
1027 1535
558 79
1022 1239
1877 1706
1415 1677
1602 967
1564 349
1400 1229
235 1355
1590 1407
279 1907
294 693
1945 355
1300 1144
1321 1862
104 773
808 534
657 360
285 1417
343 910
493 1670
1328 1557
1764 586
857 781
489 1119
895 1317
343 776
487 416
1297 512
706 953
564 393
863 604
497 725
1225 920
849 339
1266 136
1710 670
1314 1932
167 1526
481 1365
633 1184
1619 843
1812 1148
1624 626
325 1575
803 245
579 1025
1440 1172
918 906
1762 1252
1896 1900
1642 136
1757 859
1823 1513
995 1994
1746 1127
1362 1503
574 1661
267 1056
793 913
488 1139
1696 1433
1402 596
417 1813
1181 789
1871 1430
1032 608
946 607
1027 414
873 1721
1728 1149
175 1022
1930 1298
1837 1101
175 283
1460 875
268 1284
1432 1114
823 807
480 1674
1110 1096
1122 1428
934 754
418 1468
244 650
1212 1652
91 1698
631 1429
597 994
1326 253
1488 415
1216 470
1949 562
155 1246
1203 209
115 1196
1091 746
208 420
30 553
1872 660
601 59
473 1904
1522 1439
1893 1335
179 273
1719 476
825 900
1674 1623
496 1018
1950 606
27 656
781 1367
594 683
378 1388
1545 1521
432 1956
703 1183
574 83
1259 1383
513 1327
207 1489
1436 1803
1980 1668
213 829
1093 224
452 865
15 656
1706 1751
126 1039
1577 39
195 870
789 986
1311 1733
373 526
1554 889
869 1818
323 207
1772 1394
718 812
160 1439
47 336
1045 1081
1406 1318
1460 1371
1853 731
35 198
1663 917
1345 766
43 949
1479 798
1562 1524
82 1309
733 889
1657 1821
1971 353
1726 1326
1066 1556
513 751
1078 1767
1346 1539
1288 131
1027 1643
1585 1669
973 1272
1621 222
1122 1054
2 1931
640 1756
487 1796
1872 1897
105 1783
857 717
1352 1432
341 6
33 642
750 349
453 478
621 1029
1650 1984
933 1495
1064 873
1481 1873
718 1084
1089 1649
1340 1012
530 726
1644 283
170 1816
1915 307
1912 55
1338 1507
350 190
597 662
1351 284
235 1027
1789 956
768 19
1554 3
444 204
1121 698
1167 1501
1027 854
1893 592
1920 64
800 1753
1660 403
1204 282
1212 800
438 965
545 1986
323 10
1604 1041
282 1584
1805 86
299 1871
18 1783
214 1904
1804 989
1377 467
1373 4
160 1439
1045 362
1856 673
193 1478
1377 1718
726 225
831 805
1378 638
280 652
929 1699
16 317
1693 1637
1801 933
722 544
1432 529
1460 1140
898 674
870 1469
265 1755
1220 1974
1957 1420
65 154
902 835
1665 1965
1580 555
343 1554
1482 29
629 247
209 962
1576 738
368 1476
456 465
1360 619
338 1192
902 1287
611 1845
1224 1311
1223 1019
1789 800
77 400
175 1357
1498 1075
196 215
1758 231
1105 208
675 1994
343 7
1214 434
1808 1103
1197 1159
1411 1985
260 1345
136 166
1104 1609
797 54
623 1655
313 215
791 491
256 1849
1846 38
1644 486
622 1605
1493 1311
855 1538
1083 125
503 1117
342 128
503 1804
722 1794
1884 1345
1132 1146
1933 1488
1724 1129
412 635
1218 1429
578 825
1655 1444
1165 137
1098 882
1027 850
1713 1834
1528 687
574 1160
676 246
1440 1211
1635 1102
556 1029
437 190
241 1244
1555 1594
380 1629
1623 777
247 635
230 815
1545 79
1860 1341
841 1671
685 101
195 1963
1093 942
1933 142
1309 440
1602 1705
1996 1605
1859 1545
1841 814
340 1848
1352 452
1713 643
1105 1680
1639 1591
1258 1339
621 1586
1538 1651
1241 1139
1564 1761
78 804
1608 877
208 366
1456 36
71 461
945 502
340 1640
1334 1368
1502 255
1604 228
1725 151
741 336
467 1735
1745 1279
1947 1248
1706 758
1022 633
1266 474
647 1105
1753 1543
229 113
655 1541
37 555
1467 407
1702 298
1921 1604
169 1421
1747 1348
956 786
1632 762
1729 276
458 466
117 459
1197 344
1784 736
1200 878
858 1205
1882 925
1425 1249
748 877
1413 1415
874 1458
464 923
57 444
788 1409
947 1478
1337 1505
935 32
1638 1922
1496 1368
1041 111
113 1015
1034 624
1996 786
1968 1293
1911 85
1406 1125
1246 282
66 1070
1122 1497
775 1201
326 1388
1262 1911
228 1823
1110 451
1859 1188
1514 553
347 1394
1697 1383
778 961
1604 651
1936 1907
50 1161
134 1435
175 1644
608 1080
549 1651
1436 1252
218 774
1402 921
897 1687
1986 355
120 425
1954 298
932 1606
961 13
1331 409
1391 957
836 1507
294 1356
1414 166
1237 1898
77 1457
141 1507
543 1613
1722 433
266 986
81 1193
1761 969
1129 1231
337 39
819 1658
227 1777
1890 1249
706 1847
583 54
734 1705
977 1563
1534 899
1573 1645
1106 265
804 1677
295 221
1302 1880
1628 740
1016 1687
374 1112
1245 1172
1952 1562
1498 1754
1579 442
87 1415
265 1740
176 1198
1384 215
1607 92
1916 673
349 1876
77 817
1331 1191
713 829
313 1276
1391 7
883 113
1951 1124
1141 1234
640 1903
663 999
799 430
279 1461
163 1985
427 170
1415 1460
1277 1309
1471 760
1216 880
1539 149
996 346
1359 1081
19 779
1865 911
158 367
976 1444
987 1143
1282 415
1607 293
1212 657
179 1934
1830 1177
1831 1482
1691 1005
1812 29
46 1765
520 997
1105 1192
960 1310
1212 903
879 1250
477 386
816 283
553 1111
1706 507
861 1160
189 1531
1988 1874
977 1516
225 1364
1612 220
1596 749
1386 1771
1058 555
1112 547
1585 160
1033 759
1577 1412
1953 691
682 901
1343 772
131 1016
1343 671
1742 1748
415 1956
149 196
1703 46
1454 997
1875 661
728 1738
108 639
1747 57
870 1135
1463 590
991 769
1746 1747
1232 1057
1289 546
647 1663
39 1755
1635 1310
1246 297
934 339
37 1028
614 1685
545 1615
771 1956
1690 1440
729 1441
217 944
1786 1058
1062 1020
1232 1820
444 1821
1730 714
1620 1935
455 1992
1647 413
1854 1991
409 1100
1106 147
1789 660
831 1963
755 903
251 800
508 981
51 1153
351 602
1130 665
432 1563
1073 259
1252 116
1449 1734
313 660
1206 1097
5 129
1301 690
660 1250
1511 1937
1353 1220
456 154
222 1441
1550 1918
975 216
182 635
765 1489
1307 654
1886 1931
249 982
417 770
902 267
1301 1461
857 671
1875 981
146 528
1719 962
945 315
619 789
53 1001
1136 1515
708 1889
1535 815
1108 1987
647 120
1728 12
1968 1808
1128 1995
417 820
160 1124
1200 964
723 1579
335 430
1019 389
194 1680
1999 451
1848 470
141 1611
1216 1555
1292 624
1087 548
1 1174
1353 845
1519 442
416 1128
322 284
625 910
1818 854
879 1425
1181 1612
825 519
621 145
1840 1660
1301 514
818 321
1562 1686
164 1724
1754 585
1746 1350
1614 678
1731 1299
652 876
709 1451
1877 1763
686 1297
1073 664
226 719
224 743
932 1935
1823 302
530 1812
1545 1996
772 1735
459 1440
1950 567
37 1858
391 754
1676 385
554 354
1267 1572
1602 968
1137 23
897 1711
1209 845
1782 991
908 1809
1759 948
1482 25
1188 1117
1022 799
366 301
939 652
31 1624
469 535
1007 1955
1716 1976
1696 1735
145 1193
313 565
250 356
364 1516
834 942
1406 1140
1157 799
227 1758
1691 1173
1170 338
928 1414
1069 1705
1373 1235
1379 1526
650 162
917 1872
1152 769
156 1593
209 1542
1622 827
262 1770
1293 655
1624 1312
1818 1087
1297 1235
1772 137
987 1037
1310 770
1245 1274
1730 584
1621 1323
1403 521
416 1439
457 963
1069 740
427 1546
1213 353
1549 723
1985 203
99 319
669 1445
374 497
1023 386
650 865
96 561
1606 302
1955 1896
1826 1541
520 1162
259 646
179 396
427 745
715 462
1071 1161
1459 600
167 224
566 317
685 674
1256 715
348 42
1253 955
1999 1619
82 103
134 1317
932 232
481 964
1203 995
529 871
1920 632
1888 236
1127 1518
1135 635
163 780
688 290
712 609
1390 1026
288 1708
51 1756
170 695
1424 337
935 845
1071 1467
495 298
1823 539
1731 1365
844 108
1200 404
1601 78
501 380
938 1557
407 843
774 649
277 1135
1930 388
251 718
1642 1000
1662 1319
978 762
1707 1989
1653 99
572 498
223 419
391 1737
1181 254
1088 964
1295 631
1115 1317
235 1858
228 1779
560 1051
1050 86
1179 790
1528 1953
1724 1492
375 45
1418 808
265 916
222 285
1663 676
368 1593
1655 215
676 1656
1731 472
1818 1328
755 1985
1291 1451
427 1189
1711 1235
1782 828
432 100
1498 161
291 1989
1282 1796
109 1773
851 1101
1214 1393
1226 790
1643 1208
1437 434
1898 1880
1915 1892
1493 1494
1719 1547
625 1804
1632 663
504 4
545 896
30 353
27 1102
748 724
1429 304
1490 832
1309 1355
1416 1034
800 1167
503 527
1100 203
1063 580
1598 1206
1132 1372
1513 268
1442 979
1089 295
1331 1376
616 249
39 1005
1760 234
1875 304
1822 1667
264 570
894 640
256 1062
1224 1873
340 629
110 375
1461 1143
300 648
1596 1340
1968 1775
637 1851
1831 697
454 491
68 1842
1432 1156
1090 1315
1356 297
724 1796
1688 868
1730 1626
1300 147
971 1980
1604 531
853 522
1817 1552
1071 560
193 841
543 234
1959 1992
1703 1858
1729 1806
1831 466
1663 696
367 1038
598 151
1788 1605
1840 1123
1898 1832
452 1448
1595 1515
202 1903
1850 829
1442 449
1713 446
1182 562
1090 1727
972 4
71 597
651 602
862 583
1647 526
1952 1086
1845 997
651 1166
1583 1859
692 1339
1209 1325
1973 377
858 190
1338 980
476 1139
1109 811
1353 379
381 1088
422 1425
161 1752
1793 486
1878 507
1373 941
176 1700
1935 1574
1418 1905
1040 628
1921 647
1532 562
991 1570
579 1450
1157 1397
592 1857
1793 1828
1659 1994
1789 518
300 1723
942 1563
517 404
701 17
1287 1992
583 830
1324 1518
140 1280
795 1470
684 1495
1109 1951
108 1365
1601 462
405 607
830 1548
1592 1178
1107 1679
1491 1005
157 1556
1754 1229
160 1890
1614 889
1253 1378
17 73
373 322
1325 1367
225 1991
493 727
1722 1160
200 1975
1532 1487
710 1240
334 1864
1360 206
273 711
1940 279
695 1159
102 328
712 1551
88 1398
1699 1677
1212 323
902 1077
509 1184
1183 1765
1292 1387
710 1900
1608 835
716 895
1358 529
1011 817
1722 875
316 1426
1761 1034
1324 1312
1852 17
108 1201
550 1973
1837 283
1910 1379
131 1102
7 1548
26 329
1391 565
1801 1621
268 1979
578 388
1731 812
315 1334
1299 1876
1410 599
216 1485
186 1572
966 383
480 1194
1946 615
1718 1480
405 20
431 1964
1696 886
1547 1584
300 283
1213 1192
417 1358
312 319
40 1511
911 150
1216 303
1631 386
1920 1971
748 849
938 1856
1004 1349
1282 1932
1872 167
1314 1317
1461 9
1267 663
627 1896
749 1839
1519 107
87 1064
796 1946
640 963
723 95
1373 1514
243 1545
617 922
6 1997
290 755
1602 1866
859 1144
1212 326
78 66
1851 951
1352 1285
839 1267
1747 1956
789 1641
110 1555
737 1527
1051 975
1421 359
599 1836
1227 1792
368 1437
1402 132
715 1441
159 465
786 703
1180 50
463 884
1079 580
134 407
70 1523
1513 507
531 1090
145 683
1302 17
1010 1258
279 1537
262 761
1761 1115
387 996
1151 556
1253 391
1761 378
1620 1347
1601 88
593 687
211 1722
690 389
1373 217
1863 1797
112 922
237 139
501 982
232 1137
937 262
1045 805
898 655
1585 1541
1495 1369
1040 1651
1709 1696
97 50
840 1617
1099 1992
1122 1914
400 459
1496 1928
523 642
1564 1568
192 1093
890 1682
1909 354
1912 1088
104 743
681 446
153 139
1201 1430
1182 262
1237 895
622 1410
1076 1283
1011 1281
517 410
1067 1083
1859 526
273 918
1271 1236
156 1754
469 1406
1239 715
1031 707
43 1024
1177 1813
831 1943
160 1991
801 1230
1846 731
207 35
1419 1981
1398 1644
615 1412
1506 1775
752 19
1357 1156
748 233
437 448
1781 296
945 1339
32 430
1329 952
1205 1149
786 43
1601 1039
214 1399
1850 721
344 1634
961 1064
145 802
622 428
706 1201
1127 1698
250 429
1043 957
708 504
1353 1705
621 654
740 519
643 1368
612 1154
1815 292
1732 1062
1001 1519
1446 1044
156 343
1041 391
446 94
537 702
50 459
117 1932
160 541
315 1040
11 913
1139 1208
1830 1108
1920 403
1730 222
1648 1561
648 69
246 1792
601 519
1793 1159
643 1565
1327 1550
1915 1602
1089 946
326 1055
1533 993
1048 1028
216 1924
1406 1358
460 1322
302 1243
1482 21
1277 1675
428 964
493 186
733 947
1923 1074
1288 1547
532 1344
857 289
560 1636
1544 780
940 592
1716 745
1165 1799
19 868
503 614
378 149
500 1664
796 1854
672 1434
1305 1555
75 51
1190 889
81 854
1202 1594
1308 447
1939 1542
249 1006
650 1110
469 988
1734 1644
1416 1538
75 610
1118 362
560 1816
505 100
1051 1369
1642 144
277 999
1232 1644
211 1064
940 1313
616 426
413 526
1468 1406
743 363
1542 646
1326 1536
55 44
1904 1364
406 38
238 1577
1652 95
844 565
919 760
1299 267
1027 1815
1350 1868
1362 1335
768 245
793 223
321 512
1541 433
1740 1905
1438 1296
979 1318
179 1951
1465 1616
1410 509
101 1069
1301 599
928 1582
437 1151
1099 1504
1237 170
1299 1722
228 1066
460 931
1496 56
1117 1397
874 755
956 1560
463 1716
1934 120
1742 2000
259 1508
480 1960
844 992
1188 250
544 1452
672 1641
866 282
1576 1974
823 462
564 1444
785 635
1734 1927
584 1520
1787 298
291 40
473 515
748 137
1947 1575
439 43
387 1838
1875 524
1806 896
1663 1352
234 29
1063 128
402 1053
427 589
126 312
554 1862
1604 1818
1957 1690
1878 648
1447 746
160 810
1291 390
1823 1348
487 640
497
488
241
97
54
3
2
1
9
7
5
4
6
8
37
14
12
10
11
13
19
15
18
17
16
26
22
20
21
23
25
24
27
33
29
28
31
30
32
35
34
36
53
52
43
40
39
38
42
41
51
50
46
44
45
49
47
48
96
75
74
55
72
60
58
57
56
59
61
64
62
63
66
65
68
67
71
70
69
73
77
76
92
90
82
78
81
79
80
87
86
85
83
84
88
89
91
95
94
93
158
154
142
138
137
131
126
125
107
101
99
98
100
103
102
104
106
105
118
114
110
108
109
113
111
112
116
115
117
120
119
122
121
124
123
129
128
127
130
132
133
134
135
136
141
139
140
150
146
145
144
143
149
147
148
151
152
153
157
155
156
181
166
163
160
159
162
161
164
165
180
171
169
168
167
170
173
172
178
174
175
176
177
179
193
183
182
190
184
186
185
189
187
188
191
192
225
205
196
195
194
198
197
201
200
199
204
202
203
224
220
212
211
208
207
206
210
209
214
213
217
216
215
219
218
223
221
222
240
234
231
227
226
230
228
229
233
232
236
235
239
237
238
378
355
347
282
247
245
242
244
243
246
251
250
248
249
270
260
259
258
256
253
252
254
255
257
268
265
262
261
264
263
267
266
269
275
271
273
272
274
277
276
279
278
280
281
298
292
289
283
287
285
284
286
288
290
291
293
296
295
294
297
300
299
326
323
305
302
301
303
304
312
310
308
307
306
309
311
316
314
313
315
320
317
319
318
321
322
325
324
343
333
331
330
328
327
329
332
338
336
335
334
337
339
342
341
340
344
346
345
351
350
348
349
354
352
353
362
360
359
357
356
358
361
377
376
375
368
367
363
365
364
366
373
372
369
370
371
374
481
444
379
380
436
435
433
381
414
406
395
390
385
384
383
382
387
386
388
389
394
393
392
391
405
397
396
404
400
399
398
403
401
402
413
412
408
407
409
410
411
420
415
419
417
416
418
424
422
421
423
427
426
425
430
428
429
432
431
434
442
440
438
437
439
441
443
469
457
447
445
446
448
449
450
452
451
454
453
456
455
458
465
461
460
459
463
462
464
468
467
466
475
472
471
470
474
473
476
477
480
479
478
482
485
484
483
487
486
496
495
491
489
490
494
493
492
498
1994
499
1993
1100
1093
1092
535
533
524
509
506
503
502
500
501
504
505
507
508
523
511
510
519
515
513
512
514
518
517
516
520
521
522
526
525
527
528
529
532
530
531
534
649
640
541
540
538
537
536
539
639
622
576
562
552
547
544
543
542
545
546
549
548
550
551
561
553
557
555
554
556
559
558
560
567
563
566
564
565
569
568
570
572
571
575
573
574
596
577
584
580
579
578
582
581
583
590
588
587
586
585
589
593
592
591
595
594
611
602
600
598
597
599
601
605
603
604
609
608
606
607
610
612
613
618
617
615
614
616
621
620
619
631
623
629
628
627
626
624
625
630
636
634
633
632
635
637
638
648
644
642
641
643
647
645
646
843
826
825
824
719
717
654
652
651
650
653
694
679
663
658
655
657
656
660
659
662
661
669
666
664
665
667
668
677
670
673
671
672
676
674
675
678
685
680
682
681
683
684
693
686
687
689
688
690
692
691
716
700
695
696
697
698
699
706
704
701
702
703
705
709
707
708
710
713
712
711
714
715
718
787
757
720
722
721
751
732
731
723
724
728
725
727
726
730
729
739
733
734
735
737
736
738
743
742
741
740
744
750
745
747
746
749
748
752
753
754
756
755
758
783
776
772
771
766
763
759
761
760
762
764
765
770
767
769
768
773
775
774
779
777
778
780
781
782
786
785
784
823
788
792
791
789
790
807
803
797
794
793
795
796
802
799
798
800
801
804
805
806
815
808
814
813
811
809
810
812
822
820
817
816
818
819
821
839
828
827
838
829
837
833
831
830
832
835
834
836
842
841
840
931
869
844
868
845
865
847
846
855
850
848
849
852
851
854
853
861
857
856
858
859
860
864
863
862
866
867
873
870
871
872
929
887
879
876
874
875
877
878
882
880
881
886
884
883
885
918
904
903
896
893
891
890
888
889
892
895
894
899
897
898
900
901
902
906
905
915
914
909
907
908
912
910
911
913
916
917
928
921
920
919
925
922
923
924
926
927
930
941
932
937
935
934
933
936
940
939
938
1091
989
942
943
954
948
945
944
947
946
953
951
949
950
952
958
956
955
957
988
970
964
963
961
959
960
962
969
966
965
967
968
987
981
977
972
971
974
973
976
975
979
978
980
986
984
983
982
985
1083
1082
1031
992
990
991
1012
996
995
994
993
1003
1002
998
997
1001
1000
999
1011
1008
1006
1004
1005
1007
1009
1010
1021
1013
1018
1017
1014
1016
1015
1020
1019
1027
1024
1022
1023
1025
1026
1029
1028
1030
1068
1032
1049
1033
1034
1041
1037
1036
1035
1040
1038
1039
1047
1043
1042
1045
1044
1046
1048
1050
1056
1052
1051
1053
1055
1054
1067
1064
1057
1061
1058
1059
1060
1063
1062
1065
1066
1069
1081
1073
1071
1070
1072
1074
1078
1075
1077
1076
1079
1080
1084
1087
1086
1085
1089
1088
1090
1096
1095
1094
1099
1098
1097
1103
1101
1102
1590
1589
1349
1306
1225
1186
1135
1104
1129
1118
1105
1111
1110
1108
1107
1106
1109
1113
1112
1115
1114
1117
1116
1123
1119
1121
1120
1122
1124
1128
1126
1125
1127
1132
1130
1131
1133
1134
1177
1160
1137
1136
1155
1139
1138
1146
1141
1140
1142
1143
1144
1145
1154
1148
1147
1152
1151
1150
1149
1153
1157
1156
1159
1158
1172
1162
1161
1166
1165
1163
1164
1170
1169
1168
1167
1171
1176
1173
1175
1174
1182
1180
1179
1178
1181
1183
1184
1185
1209
1199
1194
1190
1187
1188
1189
1192
1191
1193
1196
1195
1197
1198
1203
1202
1200
1201
1205
1204
1207
1206
1208
1210
1211
1220
1214
1213
1212
1219
1216
1215
1217
1218
1224
1222
1221
1223
1255
1250
1236
1226
1231
1227
1230
1229
1228
1235
1232
1233
1234
1249
1245
1239
1238
1237
1240
1244
1241
1243
1242
1248
1246
1247
1254
1251
1253
1252
1256
1300
1274
1259
1258
1257
1273
1260
1272
1268
1265
1262
1261
1264
1263
1266
1267
1270
1269
1271
1296
1285
1275
1279
1277
1276
1278
1282
1281
1280
1284
1283
1292
1291
1286
1288
1287
1290
1289
1295
1294
1293
1297
1299
1298
1302
1301
1305
1303
1304
1323
1315
1314
1311
1310
1307
1309
1308
1313
1312
1316
1319
1317
1318
1320
1322
1321
1348
1339
1334
1325
1324
1328
1326
1327
1333
1331
1329
1330
1332
1336
1335
1338
1337
1344
1342
1341
1340
1343
1347
1345
1346
1501
1359
1353
1352
1351
1350
1358
1356
1355
1354
1357
1497
1360
1373
1372
1370
1366
1361
1364
1362
1363
1365
1369
1367
1368
1371
1419
1395
1384
1380
1374
1375
1378
1376
1377
1379
1383
1381
1382
1387
1386
1385
1390
1388
1389
1393
1392
1391
1394
1415
1400
1398
1396
1397
1399
1413
1404
1403
1402
1401
1406
1405
1410
1408
1407
1409
1412
1411
1414
1417
1416
1418
1455
1435
1422
1421
1420
1423
1434
1427
1426
1425
1424
1430
1429
1428
1431
1433
1432
1452
1446
1439
1437
1436
1438
1444
1443
1442
1441
1440
1445
1450
1448
1447
1449
1451
1454
1453
1471
1466
1464
1461
1457
1456
1459
1458
1460
1462
1463
1465
1470
1468
1467
1469
1485
1476
1472
1474
1473
1475
1480
1479
1477
1478
1481
1482
1484
1483
1496
1489
1488
1487
1486
1494
1491
1490
1493
1492
1495
1498
1500
1499
1533
1515
1507
1502
1503
1505
1504
1506
1508
1511
1509
1510
1513
1512
1514
1526
1520
1519
1518
1517
1516
1521
1523
1522
1524
1525
1532
1528
1527
1529
1530
1531
1534
1588
1569
1552
1535
1546
1536
1541
1540
1538
1537
1539
1543
1542
1544
1545
1550
1549
1547
1548
1551
1566
1554
1553
1555
1556
1561
1559
1558
1557
1560
1562
1565
1563
1564
1567
1568
1580
1576
1575
1570
1573
1572
1571
1574
1578
1577
1579
1586
1581
1585
1582
1583
1584
1587
1689
1644
1617
1599
1595
1591
1592
1594
1593
1597
1596
1598
1615
1614
1602
1600
1601
1613
1603
1612
1604
1608
1605
1606
1607
1611
1609
1610
1616
1639
1631
1622
1619
1618
1621
1620
1627
1623
1626
1624
1625
1629
1628
1630
1634
1632
1633
1636
1635
1637
1638
1640
1642
1641
1643
1649
1648
1647
1645
1646
1673
1653
1651
1650
1652
1666
1655
1654
1663
1656
1659
1658
1657
1661
1660
1662
1665
1664
1671
1670
1669
1667
1668
1672
1682
1679
1675
1674
1678
1677
1676
1681
1680
1688
1686
1683
1684
1685
1687
1856
1727
1701
1690
1697
1693
1692
1691
1696
1694
1695
1698
1699
1700
1726
1718
1703
1702
1712
1711
1708
1704
1706
1705
1707
1709
1710
1716
1713
1715
1714
1717
1721
1720
1719
1725
1724
1723
1722
1849
1728
1729
1832
1730
1733
1732
1731
1735
1734
1760
1752
1743
1742
1739
1738
1737
1736
1741
1740
1750
1744
1749
1745
1746
1748
1747
1751
1759
1755
1753
1754
1758
1756
1757
1782
1765
1762
1761
1764
1763
1766
1775
1772
1769
1768
1767
1770
1771
1773
1774
1779
1776
1778
1777
1781
1780
1783
1784
1802
1792
1791
1788
1787
1785
1786
1790
1789
1799
1794
1793
1796
1795
1798
1797
1800
1801
1827
1826
1820
1805
1804
1803
1817
1810
1807
1806
1809
1808
1816
1811
1814
1812
1813
1815
1819
1818
1821
1825
1823
1822
1824
1829
1828
1830
1831
1840
1836
1834
1833
1835
1837
1838
1839
1845
1843
1841
1842
1844
1848
1846
1847
1850
1855
1851
1853
1852
1854
1892
1871
1857
1866
1861
1859
1858
1860
1862
1863
1864
1865
1867
1869
1868
1870
1878
1874
1872
1873
1876
1875
1877
1887
1883
1879
1881
1880
1882
1885
1884
1886
1888
1891
1889
1890
1913
1902
1897
1896
1894
1893
1895
1898
1899
1901
1900
1903
1910
1907
1904
1905
1906
1908
1909
1911
1912
1982
1976
1975
1966
1941
1940
1916
1915
1914
1928
1921
1917
1920
1918
1919
1926
1922
1923
1925
1924
1927
1935
1934
1933
1931
1929
1930
1932
1937
1936
1939
1938
1965
1958
1949
1945
1944
1942
1943
1948
1946
1947
1954
1952
1950
1951
1953
1955
1956
1957
1962
1961
1959
1960
1964
1963
1974
1972
1967
1968
1970
1969
1971
1973
1978
1977
1980
1979
1981
1987
1986
1984
1983
1985
1990
1988
1989
1992
1991
1996
1995
1999
1997
1998
