500 1000
228 306
494 67
139 66
451 398
51 448
470 257
203 224
171 9
135 368
143 280
393 307
40 164
28 284
203 407
412 48
396 211
475 238
272 363
230 388
453 179
248 119
192 16
225 287
497 315
260 33
494 327
251 318
189 42
116 233
391 280
66 395
24 397
401 146
366 337
395 302
96 249
200 302
325 215
434 131
272 118
426 142
310 499
300 491
418 284
64 155
437 294
230 169
313 408
484 167
206 438
465 429
352 494
404 294
309 188
66 89
53 51
52 360
261 478
349 295
108 338
298 45
372 107
368 269
295 443
134 238
338 274
437 49
216 230
425 454
63 150
427 419
70 373
120 452
50 167
361 43
314 59
202 319
182 413
287 162
272 95
279 334
469 85
384 304
381 8
175 427
288 106
195 106
397 334
161 471
393 469
57 368
439 474
475 402
401 422
24 417
309 10
14 82
430 198
460 61
393 29
72 111
320 92
243 110
123 467
292 440
117 116
259 234
265 290
381 372
411 108
355 341
362 459
346 156
458 454
403 323
177 3
445 416
352 114
254 2
481 423
396 244
100 413
458 420
108 161
220 240
206 91
423 388
63 324
415 243
481 387
251 44
128 410
171 262
21 10
59 72
443 363
177 269
403 233
355 38
100 175
398 160
29 170
295 69
439 115
431 371
51 404
325 12
297 23
100 495
63 170
40 428
445 47
285 31
404 191
325 137
308 309
450 90
155 458
86 359
62 112
97 398
93 248
297 441
22 354
349 44
483 366
18 299
103 67
441 313
172 414
150 422
366 291
285 329
447 179
474 102
114 375
338 334
159 239
140 319
300 321
348 109
111 248
309 330
308 399
344 323
496 136
213 68
150 407
465 156
16 466
144 336
491 268
200 277
264 37
140 499
477 316
245 421
142 15
243 88
245 9
91 487
177 188
415 352
320 374
201 78
29 291
251 211
312 178
361 414
20 5
412 459
128 68
128 435
5 212
355 145
265 465
210 216
349 63
70 486
412 117
335 163
370 401
188 280
54 181
71 238
71 166
320 455
387 473
196 80
264 137
204 279
162 389
443 27
483 239
301 193
442 62
138 176
469 86
445 403
418 134
5 263
51 320
79 34
201 304
29 396
294 187
18 27
216 152
271 77
294 342
46 390
469 314
190 461
379 221
484 401
246 345
403 149
393 241
189 217
492 446
410 47
431 126
210 325
277 371
12 203
364 481
183 449
373 489
203 204
420 262
79 259
381 196
71 330
394 449
456 284
412 211
284 78
243 173
459 111
207 457
437 322
287 102
377 114
415 6
478 347
25 132
23 104
251 141
297 125
352 251
228 317
42 268
91 433
312 373
195 19
453 340
397 386
18 242
190 463
217 497
275 168
217 21
441 286
480 398
207 299
113 399
391 3
41 299
100 174
186 149
408 378
46 289
196 17
493 106
338 214
100 11
30 266
457 270
393 209
144 101
404 209
428 463
62 371
254 303
364 70
176 73
25 413
119 386
484 280
309 20
280 10
17 218
419 351
379 264
364 461
460 296
57 67
496 386
243 422
122 372
70 124
202 110
474 100
450 154
362 360
134 413
68 131
365 31
63 266
443 156
261 130
114 254
107 375
447 378
62 7
430 277
227 156
348 42
485 415
59 420
403 286
423 242
345 131
16 82
384 434
375 268
431 76
485 40
400 340
140 56
317 335
301 2
297 97
62 143
64 430
62 440
26 105
444 386
103 412
21 404
17 18
305 184
260 334
196 12
112 83
355 292
242 363
404 483
18 179
481 4
52 400
301 135
247 11
297 392
98 77
97 446
252 456
210 409
458 464
252 168
179 435
403 47
154 489
117 59
17 264
80 449
196 297
286 30
139 277
309 81
60 38
24 420
497 89
341 456
191 390
131 30
479 323
222 391
114 169
157 129
23 468
362 500
247 388
126 161
308 8
435 149
298 225
126 480
227 490
17 60
381 384
372 432
197 57
37 65
68 94
125 454
198 449
25 1
132 93
343 175
480 486
246 75
314 147
336 172
111 2
362 184
494 307
300 280
127 244
393 222
381 393
469 472
400 376
395 448
496 323
31 417
324 446
227 337
488 120
304 143
196 439
40 185
349 336
215 78
482 403
308 238
86 55
317 394
450 364
119 303
17 460
191 242
205 407
17 93
478 256
26 148
190 255
451 450
104 176
53 475
98 445
377 157
18 182
478 317
196 70
369 383
172 494
20 259
208 202
255 31
196 110
495 391
497 96
382 324
218 272
221 88
436 15
188 234
52 219
65 227
90 201
439 122
214 266
304 487
126 184
436 499
103 340
130 136
230 424
434 414
332 351
308 242
365 282
191 42
68 177
166 178
72 276
497 28
140 182
318 133
271 402
222 437
32 6
196 189
244 339
497 355
139 16
462 238
8 480
29 369
157 414
425 329
14 293
412 356
301 287
246 345
349 343
84 27
139 302
458 231
427 58
295 154
269 250
261 46
103 428
228 61
89 198
469 260
72 318
115 112
108 56
434 58
140 333
335 386
25 360
384 447
287 187
458 478
51 361
137 333
345 452
314 253
470 121
255 152
260 4
396 187
377 244
202 420
439 11
290 229
126 336
192 36
367 399
411 325
20 478
255 254
297 492
26 79
92 243
116 455
296 158
415 77
485 87
53 378
37 175
125 190
194 74
281 406
408 80
383 248
246 331
305 363
94 331
393 451
280 419
301 170
297 326
29 139
39 148
412 202
434 84
18 156
338 227
12 414
21 467
265 232
426 192
87 129
202 357
1 367
474 254
54 14
473 134
89 288
322 215
253 186
358 208
50 304
51 249
439 466
297 53
53 203
476 223
341 209
426 226
46 214
150 311
171 280
96 13
314 230
115 185
275 113
309 22
167 156
425 54
25 278
426 410
332 416
105 480
98 239
402 212
260 277
470 165
165 19
16 269
181 416
147 362
150 293
237 268
392 159
382 156
112 56
203 397
5 182
208 211
101 376
103 154
488 56
392 35
352 181
403 269
451 25
8 316
5 197
190 457
432 200
383 479
382 312
65 77
264 204
189 468
50 425
49 153
306 340
488 253
324 273
4 493
356 230
321 353
465 275
174 38
488 228
24 49
199 490
497 206
352 327
140 255
392 476
253 350
342 121
459 82
115 31
12 323
92 315
136 227
207 115
54 328
355 494
161 149
150 138
392 110
281 279
407 424
403 38
60 232
95 187
416 120
379 117
450 377
305 470
179 307
474 123
426 406
185 110
192 76
498 127
90 145
426 360
223 462
254 214
404 322
426 244
393 294
297 42
104 169
202 257
486 163
427 88
312 315
81 280
465 367
437 173
212 131
300 252
63 95
40 211
198 337
246 73
37 133
407 223
166 428
28 43
488 305
5 339
194 113
411 40
48 277
488 171
50 88
296 280
117 374
23 363
472 74
68 492
310 444
439 64
144 41
398 44
336 328
384 332
395 199
300 266
441 495
216 160
365 344
70 234
486 162
414 185
63 464
352 22
46 458
474 473
12 417
23 300
191 263
13 418
222 259
208 346
219 302
106 307
374 225
472 27
208 235
169 444
180 78
4 298
459 389
85 134
14 375
125 180
382 105
251 427
72 313
330 222
396 15
104 195
150 299
192 233
382 71
384 148
261 453
137 340
8 9
381 50
409 363
497 140
61 3
49 482
46 165
96 151
343 456
450 268
352 496
370 277
263 151
308 491
460 158
89 237
379 395
189 365
232 387
297 8
255 285
497 10
26 334
210 477
85 48
154 224
260 233
21 195
23 24
23 348
383 98
305 348
92 257
105 114
255 118
313 499
355 320
377 382
265 283
138 120
297 288
54 383
159 84
199 268
491 149
488 256
140 39
440 82
398 438
346 434
482 416
111 55
50 210
348 215
364 116
412 127
152 408
316 444
477 368
190 263
369 245
260 222
192 109
34 461
499 173
202 138
251 329
485 60
384 498
122 267
63 128
2 30
352 72
305 455
377 307
196 488
455 376
308 358
226 27
155 255
321 41
484 113
54 281
425 265
222 158
492 247
182 466
488 267
98 158
199 146
355 385
251 73
191 31
492 231
390 99
366 267
358 56
369 205
248 215
472 314
392 349
404 331
335 258
50 496
117 291
425 485
485 436
398 239
472 261
66 367
103 319
424 438
147 370
92 133
182 282
54 207
90 194
166 399
12 65
484 496
336 91
108 65
26 411
472 371
430 152
412 246
436 273
404 306
84 164
33 413
408 113
157 466
50 26
384 78
263 183
107 448
31 7
377 483
211 45
123 3
218 103
107 373
261 13
81 87
404 327
292 213
203 99
498 198
477 194
219 406
118 19
409 431
305 379
171 464
259 391
143 499
425 144
472 79
148 448
469 32
359 220
481 310
477 353
81 225
297 484
460 495
436 277
53 426
458 436
383 124
335 236
112 229
190 380
60 105
246 150
300 482
66 481
246 447
369 362
427 258
17 396
218 308
292 455
29 321
369 446
218 352
316 271
125 237
136 162
469 245
357 94
90 19
451 473
481 52
300 226
377 301
213 442
140 405
424
212
1
20
17
12
6
2
5
4
3
8
7
10
9
11
15
14
13
16
19
18
47
25
23
22
21
24
41
34
31
26
28
27
29
30
33
32
40
39
38
35
37
36
42
43
46
44
45
79
48
70
49
55
53
50
51
52
54
67
58
57
56
66
60
59
65
61
62
63
64
68
69
78
76
71
74
73
72
75
77
156
134
113
97
89
85
82
80
81
84
83
88
86
87
92
91
90
94
93
96
95
105
102
100
98
99
101
104
103
110
109
107
106
108
111
112
124
119
115
114
118
116
117
122
121
120
123
128
125
126
127
132
131
129
130
133
155
147
137
136
135
142
138
140
139
141
143
144
146
145
149
148
153
151
150
152
154
161
158
157
159
160
197
174
173
163
162
171
168
165
164
167
166
170
169
172
188
178
177
176
175
184
180
179
183
181
182
187
186
185
196
191
190
189
194
192
193
195
210
202
201
198
199
200
209
207
203
205
204
206
208
211
420
364
363
273
234
233
232
214
213
220
218
217
216
215
219
227
226
225
222
221
223
224
230
229
228
231
245
240
238
237
236
235
239
244
241
243
242
259
251
247
246
248
249
250
253
252
254
257
256
255
258
262
260
261
270
263
266
265
264
268
267
269
272
271
329
310
287
277
276
275
274
279
278
283
282
280
281
286
285
284
295
293
290
288
289
292
291
294
302
297
296
299
298
300
301
309
305
304
303
308
306
307
314
312
311
313
326
325
321
319
316
315
317
318
320
324
322
323
328
327
345
337
334
330
332
331
333
335
336
342
339
338
340
341
343
344
352
346
351
349
347
348
350
358
353
354
355
356
357
362
361
359
360
397
382
374
373
367
365
366
368
372
369
371
370
375
380
376
378
377
379
381
390
389
386
385
383
384
387
388
393
391
392
396
394
395
419
407
405
400
399
398
403
401
402
404
406
408
418
409
414
410
412
411
413
417
415
416
421
422
423
466
441
438
437
429
425
428
426
427
434
432
431
430
433
435
436
439
440
465
459
449
444
442
443
446
445
448
447
454
453
452
451
450
457
456
455
458
461
460
462
463
464
470
468
467
469
477
475
472
471
474
473
476
495
490
485
478
480
479
481
484
482
483
488
486
487
489
493
492
491
494
496
497
498
499
