1500 1500
-521904 -393263 41407
-668044 -301814 44398
-832191 836217 41272
984902 -977458 33502
-268240 -897138 16373
456551 -727051 45972
-690444 667862 24959
-670231 524574 19868
514915 838163 45958
-809546 -329944 43520
-7476 -121655 38346
-529054 -623549 41446
-311369 837556 17417
-377858 545664 34899
-884244 -398166 46394
333118 936678 10965
966797 -503741 11493
470129 674969 12529
798536 -21565 46349
-594509 -263411 44724
654260 -533753 15795
-112615 -654288 45421
-546332 -176968 25148
216801 142177 19172
24763 -235410 20431
-773384 -277312 40965
673197 77719 39508
608358 534540 26791
651288 -491345 47686
482519 347833 41110
440436 -109474 7547
34657 -419114 36431
682840 -405359 3331
-219845 595882 41935
-632313 -474746 17709
630898 -202418 12019
217105 798647 24342
693852 88855 17763
-344924 -118440 47509
-371554 -52710 10454
-153637 -138077 48512
-393274 396064 17
-130241 230660 42657
909079 82797 10515
55295 905202 23229
738220 202646 17673
-984759 -676943 35788
739653 -445001 35343
-129429 139725 30518
-376491 -849532 16939
284513 744754 32160
636363 850279 4646
503722 886329 13645
277459 489198 2011
-234396 -428055 40779
708494 -752544 23691
-67346 -946668 28957
-298963 790239 49324
-38804 -828116 33515
703123 -430780 36525
158101 -669166 43477
-898685 -239337 19463
-255978 158008 10189
-923177 -505446 10450
-337930 -876642 35785
88367 620213 22465
-208001 207573 23700
505795 606059 39693
80144 -189973 33051
-593647 -129045 1604
-498473 -783431 17698
264024 667014 44722
-419442 142730 31088
624467 176190 13527
-810030 -52993 6103
-620166 -784716 23652
553690 29728 44868
518838 127026 35845
354577 -629732 15751
-125541 -764290 33615
-609449 -405760 37776
111663 339620 20683
399304 568655 32223
196592 509587 415
-621862 648365 14420
-537786 -749746 43163
-30584 382821 29492
-189323 -973397 15983
730511 -6615 12188
-216840 141072 17043
-771020 805081 24110
713382 522579 3599
935881 842004 42825
-981915 -293452 35735
733658 480939 45690
74940 51618 37454
-196147 224405 37280
-566676 146829 7862
-999595 398249 33297
-264797 -938531 12683
-348444 -585552 5326
732951 101743 20134
-861463 316047 15800
901310 30264 45236
659172 -820745 18206
-553804 -471009 19672
-385906 727812 31239
68307 247777 30206
-882883 142200 6318
369078 -38921 43457
236474 426096 38798
-70311 596385 12478
-822312 538350 21811
-720401 578189 47928
531282 203855 15743
-167696 196301 8592
-878633 -333472 25257
-560032 830219 16409
-936692 116632 29604
-429041 -296550 39239
-105002 374785 28873
89365 -598727 22981
859727 351659 47048
-519204 -564478 2795
488591 551795 30903
844081 671082 44174
18754 -487596 22468
-668798 -770210 26113
554592 -52852 21166
-879579 -682603 39140
514260 -772363 25135
-328823 290354 12049
751754 -590662 21940
606764 864464 11777
22699 -307330 3576
-137863 -233054 32119
332375 -713185 12057
414868 -617171 25235
-405159 -904714 815
17161 738871 37017
448851 -833579 46886
975601 -868466 41366
49009 185965 7466
277175 -181685 9051
174017 -979387 7749
500927 858634 37156
772316 -814662 29065
-602051 761270 25752
-157052 -654463 29286
384659 -540046 23910
218690 -782882 25896
-558042 236193 17781
-602171 339236 2950
-433619 -144499 29482
282947 -231736 16627
21822 37314 8164
-65234 -445382 11142
-739243 112861 30321
235120 347035 433
-624867 -283852 43799
-728448 845262 24868
-78986 943454 8261
731809 -259710 18946
279706 924077 27190
-518580 -571614 3904
92735 489279 48982
310602 517240 1289
670475 -452057 4103
-324733 58028 40455
-110367 566409 27491
717880 -971953 14070
-905990 79525 21748
-691178 -157662 16328
626534 -35378 5532
57112 965235 10239
435424 -774646 3390
-609964 209183 5984
-603341 -768629 38294
-887042 800714 49779
895059 -806140 14320
472928 -88613 8302
606622 -579693 7547
603745 453788 7581
148512 395026 41507
-98441 -248129 3398
-953982 -810383 34426
-601414 -257491 16770
-950001 -35240 24847
-768677 277561 31759
-86300 444427 13471
108041 742263 17238
-968962 -773313 46936
610441 -894469 1130
-237180 824328 33035
-987772 -619166 10204
-431374 273762 39933
-385768 757318 3585
995998 -742839 17544
35059 826508 43352
144606 -962779 3363
-313343 -187224 39813
211162 -600811 32758
-208010 876896 8632
-637277 -763801 48
14551 -550780 13922
-845892 -432214 47993
-258140 469059 18986
-755885 515349 12386
-505127 -521493 24053
177031 -250798 23406
-911469 747108 19340
561482 113820 13049
-813585 552643 5836
95798 272726 6419
147391 -858124 21438
117130 -532169 35319
746323 21381 37049
893751 556562 28330
-103455 -825023 8914
-276879 64213 42175
504293 379446 30037
367656 536333 35378
895519 -332657 26665
697682 -353818 34665
898923 906212 41092
-230931 -852624 44329
-101221 781574 36544
-140283 336015 35519
242255 -290636 29987
942581 -284820 43814
-563842 -326150 16806
-526742 543731 2406
-698255 866707 42062
-219607 249763 13189
-59188 -115865 6696
-1897 -682378 3441
-252929 152832 4754
-669453 765030 26044
-902784 -453901 316
-499503 -72366 5811
-436461 -991804 2111
747051 83294 8834
-231215 -492692 11196
565677 672931 37554
588614 -477235 17639
-251359 -448260 46132
-835127 -280058 8698
51626 -693983 19454
-951375 867191 39898
952481 193143 5326
778595 738358 47591
426922 623530 1288
833416 183669 8016
-512994 -890211 28470
702867 598530 9928
-346942 931720 8065
-835215 -405190 10857
-662458 -944025 42658
-342122 957676 43963
-94544 -318702 16084
-795794 -129208 25491
538659 -245694 44245
-35365 606134 26479
365389 886217 26723
-172676 -283310 47291
-505282 48102 23081
-104102 199089 21828
15737 657312 21465
76263 840556 47540
392534 985062 30027
800026 -649551 15239
-934011 -144232 47641
-468349 -641862 26233
219913 732439 41713
723637 -457012 6078
564652 -808066 20680
448998 460120 24336
220146 585744 20061
916741 458227 9968
-939179 -87513 34415
903783 -926032 669
448800 133442 27969
-190394 -220957 4599
-924904 755296 9468
-943548 469429 41698
279145 -657887 8551
968706 151843 45895
724791 -980726 41974
100024 -599256 15885
-889253 272593 41068
-606473 213643 17938
550923 -100497 36750
-514174 -561567 37974
13235 -942890 47675
-854300 302151 7451
479197 337424 9733
261231 -392102 6933
-93702 -6787 22022
650994 511464 28704
246500 -571325 43437
582026 679351 6813
76196 -863799 37611
-978860 362666 39480
-831729 -695022 36210
97580 410627 4918
-245975 -544280 47144
-714521 -571817 38701
-909887 -856129 22450
167385 -311537 15298
-698904 -926439 19203
193639 741030 12676
493973 -634137 25913
627732 878241 18004
739096 944953 6183
-513046 -597288 31994
-360129 772011 40149
-837520 109505 38525
-613215 468111 3272
-892279 -106543 47649
528084 988516 24674
601449 199537 25438
408053 459296 9832
462384 502946 17485
-243880 -888302 44925
-260650 898217 34875
-502047 209720 42516
13481 -75810 45791
331500 800342 21240
725820 452054 43554
373497 130549 24214
-384313 -628098 33564
467035 297269 18514
-523639 -1026 28430
-488911 -565716 41672
-119868 723929 3237
-94666 33037 28464
563707 -592143 1967
-295972 -608867 7828
-681057 -314414 35112
358664 -135342 39801
-786243 -201548 18769
546187 145691 48044
-921284 -244825 29302
-335959 942601 27350
-711331 915673 32402
70877 -216704 2275
-854528 474240 4723
-934641 536392 44427
321538 -816623 23574
445939 113463 3155
-118974 166946 26322
-147370 393378 592
-854768 996635 13281
-753958 -277778 1491
540332 927601 8201
376159 -634422 9583
-651191 425836 46153
782513 654430 16544
448800 440198 13137
272373 711807 27965
-304771 -608410 13116
-380595 -11167 24321
467863 271355 12390
587269 55831 18674
578989 198108 30327
538430 -117571 12521
989625 -739218 221
-226379 257077 47560
392363 112311 42275
-213355 598386 23249
80175 138565 3723
-387217 -688919 18284
224556 -288612 28302
-110008 -623503 42180
-212732 -789652 5469
-664860 -644548 7447
493482 -894752 49190
-619319 877688 3939
-828033 -982900 16560
326652 754103 33677
-43748 -527336 41049
254472 -4955 11714
77776 606844 344
900456 -931751 26446
-898458 -864322 34686
-826550 -262550 40153
-233252 964232 16790
648081 -393754 22737
-56229 -895867 35877
441784 179867 14223
-713528 874922 38771
-814903 385204 39136
-671267 -143391 13834
-558196 143393 32163
-530960 393178 15630
454517 -941792 9851
-532389 849111 41327
-149348 885876 21534
996684 931244 15465
570854 -148352 36348
873990 -686827 20979
920284 -744885 667
45920 956947 14862
-366955 125780 31491
413447 918382 9865
134570 -577475 46698
-57286 44835 11583
-520241 -388688 20463
754388 80935 30187
-957951 900755 24420
161806 -725866 8529
219595 865713 2671
471999 -467384 1064
-895305 -329321 29230
-6916 817806 10616
-193586 45003 3887
248692 -482603 41521
858852 480062 5606
-802821 -25515 34504
-464420 -725603 26845
295328 172056 43622
-367451 -822105 7526
-220833 -113472 40669
141928 346324 42091
641548 82377 20414
211693 -281854 13944
537782 -346741 19656
-41361 805619 34403
349929 511897 31157
877285 189609 16174
-267733 -401668 49392
-799762 229181 35349
249985 589340 17954
-929268 -926467 11584
-717111 -614171 37612
913967 458484 30995
-156503 -873953 42619
667893 506661 24038
-796880 254303 16710
756627 -292819 29683
-156561 544745 33545
704474 -962867 13696
282435 776329 36228
940394 -922494 14862
388370 518788 25401
10435 862246 43477
213962 868632 44428
-498811 -185699 19437
-984259 -469500 49879
484801 923244 46378
-902996 902808 9161
902385 320327 31321
655834 226336 20124
76686 -444415 12962
-298306 917374 40535
56750 658026 34931
-709958 296279 15061
-46524 683335 25522
-914788 -483813 41633
-16063 -708322 8745
-924951 -210101 39577
13766 844783 35052
415300 227869 9209
609335 620778 47000
342025 -857854 41715
649725 -424847 29070
669799 402781 26787
380558 359155 37768
-871570 79502 6650
-84786 123919 46336
-741646 166262 13577
-556845 725652 46996
789247 -86073 867
650317 730844 19092
-885562 587008 37492
531752 -613374 24201
236099 -74496 25187
841347 -4008 21884
-230633 541962 13582
886842 -274062 42653
190432 774052 24110
-867910 22616 32523
-247455 -901894 42363
-373262 -129907 3113
374956 -416205 23056
-717218 -449128 26830
226565 -709813 34961
-328164 190666 18058
119398 -502151 8597
564127 893897 10174
-990681 82653 21063
635378 818050 28339
-946673 -846549 46702
-530030 -652610 38106
-669035 -72876 4793
785893 -623760 41240
-658541 35128 30545
518958 -483143 35582
-341046 513100 20273
-149352 463833 41775
276896 -759305 31219
-637001 -875263 42372
-777750 -818560 34914
-883551 459504 42022
19185 271091 18272
-687978 -255822 15289
959567 861900 49763
551621 297108 44175
988050 443848 39579
-295025 600618 18225
-295630 193069 49881
962439 981310 32592
953124 -977326 39072
-343559 -581620 22975
863771 -840610 42663
378106 -936868 20807
957591 -85463 4653
672789 642290 27394
-301244 440924 14578
-818057 -592037 35788
559254 -724369 30900
-983617 -924813 37546
-369610 160066 15596
85076 241617 45598
845944 970399 44438
-709589 -876100 7201
753191 -827430 3479
839721 808367 8839
-25442 -401684 16890
-49639 -315869 30733
689335 834872 34422
-773870 -933170 46772
26255 245664 1511
580311 -179744 48645
607718 48828 26178
112106 -456056 25584
-615205 -574926 31578
1315 641101 36132
-620761 617524 47971
-708493 -649016 11392
776540 -704419 4895
-200949 -676969 30762
-756370 -480915 24713
179249 708492 13729
-771572 -93482 31292
-600453 322425 48717
-108875 -510117 38404
-646492 130071 2242
794139 -173237 1923
-566274 367266 24361
562934 14232 46933
684068 -227893 46965
-288247 405466 20160
933131 560584 14867
355684 -930263 11483
-675684 -494617 34747
167934 -758059 2936
-523164 -148590 1252
-804938 726541 15474
-103281 511218 44670
-387290 20288 11252
-11294 -619001 30101
891172 269508 3463
-199787 5598 43615
279054 740352 22412
-586931 272676 31917
-137230 -793727 6413
70411 -588266 5960
7132 652356 5405
572085 -147397 3686
-564118 -387846 33747
43395 534937 16249
-303968 -181551 1455
-292466 748367 32902
-769385 -950117 13138
-472455 -545266 6582
-108333 -701898 12338
25727 -12394 32837
935817 -539226 44765
-138408 187605 45353
720094 837261 31213
601498 362996 38748
352515 -581772 6092
-408141 -845148 34776
937897 686157 25874
-910338 748903 20791
385959 -126640 6098
-68376 -73029 11265
946719 316893 27823
319749 547744 21973
-304236 705735 16015
637663 -497619 27993
219506 957866 30643
-735735 -843678 6401
924476 -112480 5036
7476 -896003 49235
659398 -330126 43201
-163876 -663681 30141
-349146 115159 33443
-193042 509736 20413
-645194 -866719 26025
931380 484827 17067
438480 90530 22947
-278452 690511 3696
528096 -413493 34535
147943 -33292 41597
814547 163547 389
-287491 338574 16084
805978 -516922 15309
-983543 -899055 43483
-253713 17133 17342
407354 -293915 32518
-975289 -742085 13553
-482312 -100586 29927
86729 -794864 33351
519491 398692 46858
730412 749812 27599
805417 -9689 21916
-986379 -946154 40964
548376 -186181 45353
-307437 86855 47052
-558445 319980 36721
103612 -762112 49011
-746776 149998 47667
-319680 913222 32464
-321202 966812 45481
593524 615194 40683
870566 -125160 34849
-716598 -230010 21255
220816 393315 17018
678194 828772 15801
-935585 -78399 66
784200 -911119 47306
-538952 -40227 43165
-632350 -595627 12322
334609 243271 15288
-649343 703419 22992
700425 -572295 36863
-548662 864900 24131
377639 -186706 49400
681332 694151 40188
710119 -731229 21687
700716 444140 35593
-782989 -751383 31778
-423390 -603381 18960
539290 -901568 4793
-261538 -671392 26338
717878 -423156 8972
-638670 285668 20596
111943 384278 38664
-388447 957618 38137
-466171 659206 46170
-21969 631677 20815
779143 70255 11390
965685 770218 10058
-347332 -33854 29976
839569 -880459 29563
960808 -807069 10115
245263 -795143 47521
904361 480290 10024
-237398 911255 30287
927565 -349451 33543
-21849 -404243 42369
-378524 -587913 13815
-290435 961612 27392
-275614 -911497 5158
753399 -702297 39008
-915216 -803 7567
837577 -140811 47783
995744 -522311 11541
-91082 -477157 27587
-93649 214834 11099
936183 983714 24725
27644 -133169 42931
-75843 -557428 16931
-80637 322382 22972
518239 37312 11158
684591 -746556 475
674515 337047 49397
992397 962082 15131
303005 -5792 14978
-367279 -679168 41612
440876 303954 7587
639742 -606865 40248
-441311 -846563 8244
872571 -251655 46844
-792773 251263 44708
-907275 111700 16911
-789849 492711 47880
703117 971198 37162
345697 630648 46933
362984 124893 9034
551630 -625087 37066
321814 338245 12731
-221714 -849143 15617
-12517 -466148 14906
-680151 -108598 15958
-853148 -994883 26977
-254177 325691 26699
159936 -693480 22454
188136 -482533 8902
-792528 538071 22363
862603 254120 45591
-600297 158283 21481
25432 814228 24689
344139 -539627 45379
-828672 -153763 41278
-813896 541723 16098
-660283 279582 20572
-262699 -890795 40526
-405954 292240 10726
418618 -120328 19985
601058 175772 10997
718335 441302 9688
964661 -374969 36236
138444 -478783 31509
471993 986162 6334
-825064 902376 46766
136926 528577 17590
251764 338553 29183
-180111 929166 47683
368113 -640205 23573
199945 -790964 49696
-77962 -938902 44661
997404 -726619 27516
-241668 653328 17792
-196970 -602855 13375
241728 -993831 32933
-871261 493461 14266
-525247 -492905 37841
409787 699376 13558
655692 -587911 15792
799397 -840766 16192
462229 -410412 16836
-578572 747573 27164
-409783 -53226 43862
-292420 41289 45220
702146 -666287 4844
397739 337193 10089
268180 -657504 21140
596007 -618505 16477
-437272 -902802 40755
-141969 -783557 23941
-582121 455316 24261
408209 317014 8111
-237197 -270588 18509
919658 -105485 48319
889220 405733 7377
-258431 845426 12026
-689496 -885196 49743
118273 228463 26246
307363 -694437 42924
-169 -714815 18768
414032 607478 16203
348404 -717731 27976
-731622 -717344 24213
-433217 140821 3158
721721 -818304 33218
-665062 -614702 23914
-827754 -149 39025
-284150 -914188 26400
237884 -162880 10322
-22878 245655 10296
-7869 -868736 25335
650032 -772999 43305
24915 612611 1803
633293 -740521 14795
-95089 741566 37106
427272 805523 43036
650135 50811 30677
-971166 92667 7000
-175191 556973 42386
-817659 954891 10834
435249 311120 34102
292572 -975466 17736
500003 -56817 29962
-258171 -748578 20229
-696501 -11854 9568
-648793 -351254 18826
24355 457618 2213
826650 150065 46638
-575990 -683703 27648
844930 311464 9015
58091 169568 702
175549 983961 30282
702388 704861 35754
-387747 765237 17125
-843354 -335105 100
729551 72039 42617
802135 548350 35164
846701 -646975 13446
85680 128396 17542
-32248 -447377 895
611985 199706 16902
-205067 -924723 47901
334477 -442532 48273
258228 -540747 6716
983708 -500699 35829
693038 28086 7413
483292 678874 35043
-330189 -459467 19227
-936578 -710940 10795
-775755 -561847 18212
224603 767986 37595
93206 873711 18640
281913 433460 20625
-401821 -368311 12089
148161 555609 4511
39883 -485658 24084
698879 266953 8423
417102 -637979 25710
-482388 -545387 35419
649196 -571017 6824
975820 723993 25167
-154801 -987597 38837
-642012 -772717 15579
-370759 -639584 40598
-449594 875767 35893
-209455 -949890 41274
-432405 -45321 48356
46361 521802 49528
-6494 -191439 38439
250600 769624 42086
-852267 359022 48146
730549 -358074 30137
814429 -760461 2348
-390731 865917 27069
481577 177120 32468
-723105 642476 14073
-691619 -400312 25693
772309 649064 11305
-658823 313296 36732
-282759 -610411 28758
878706 -367421 46654
89813 906451 13617
-899830 140601 14995
4540 31649 14330
52738 719649 1554
559148 -521009 26704
121282 -793496 5919
779359 894110 36552
130211 -535450 32905
604378 -829576 49279
648976 70401 45004
-819788 782639 7079
558587 925858 13630
-527947 -573813 15798
457077 758374 35329
32734 -104331 24878
-988315 479933 48481
-403875 -654442 511
119340 -231273 8424
642414 23841 11140
702632 624366 48986
777403 -631291 28559
-794689 736461 10310
-270754 520578 10901
985064 -144738 37660
-118240 795497 3048
519128 145564 9705
-794321 -644668 47899
-335667 603391 20254
8218 472331 31990
451766 599196 20308
-853515 459363 26847
-821507 -750160 34695
173816 180282 7333
-197310 -42156 10799
-831000 495860 8850
693812 982373 38937
990304 38960 42704
-978907 294593 23175
767531 216935 44468
-517689 138147 34623
-331615 -767796 21603
564583 980014 32880
-919975 -697931 26856
656265 -421898 22608
501559 575416 36965
6840 688394 1380
-200173 -263284 47402
-482839 689650 42146
98018 189267 2526
564836 -698507 5361
35082 851302 48422
-803829 -495956 117
904844 -413868 27651
716923 -199518 36118
-624732 -309084 45920
-393557 736790 16211
-129801 281562 42816
-218897 -948596 16083
-19362 -16459 5097
120999 -564765 9347
-456246 718044 8614
358234 733207 46178
-506019 37127 7178
186305 102200 49645
-271821 82942 3190
608185 -990371 29815
146095 -991022 40947
606253 -435914 28713
-986495 -182616 12667
-94402 593647 26345
845164 -569738 10136
63335 -949476 561
-265365 65435 37305
715990 -797246 42550
365828 -758540 31851
264912 630466 46236
169825 -356045 49952
877478 -634277 14033
404073 -329751 11284
415364 276555 2142
37670 450511 1897
639805 214333 25527
572540 -858803 12056
-745901 206907 26721
-837137 -806511 26550
-848360 117898 30126
477084 249062 31343
806211 555458 3269
973523 -377651 28709
656918 -988591 15786
-923571 -674296 44371
373701 985155 25301
368104 459029 42084
-629939 472572 34165
829848 650651 46463
922068 -999437 13933
-372046 97057 5708
319985 258688 44627
132295 990383 22619
273414 333995 11542
368387 -904356 13893
973263 508722 49418
-14537 -388985 8177
-275037 -593715 16678
-571245 139069 34540
-655425 850992 35930
-513990 -547918 3613
738382 -645195 49056
-501225 544387 7030
15381 -15059 20026
896350 -277268 39526
-500577 -135408 47455
-716420 940641 42451
-828574 9413 5347
-379822 62270 43037
358756 22730 25367
193286 416796 29725
-350330 889937 45601
468841 671696 37114
-855419 -6304 20932
-728319 -306702 49051
672828 -509880 22213
63545 -494337 23980
-592237 882441 433
-515017 753163 9726
706981 625170 47229
-15513 -985547 6129
-51915 801588 29532
773613 -890178 20822
982215 -438733 45998
81545 304329 43276
627746 -523480 10139
-267326 174383 34042
-42105 183559 1362
-301736 -354898 12333
244059 -823206 3650
608923 813835 28980
-400675 9662 35557
-115479 -974355 29117
-989181 -803723 43883
80503 479898 41362
-595194 -82789 12102
-658466 53970 37757
-163756 -997203 47523
430042 -64774 45584
-505739 -986549 27173
-816288 -638115 33445
120200 838171 11400
-299801 99896 18863
966413 -607281 14448
-25829 794766 48775
-192464 -363865 3224
798529 388020 42370
-924178 228060 37729
-433897 947705 41293
-763160 36975 16806
827915 477509 41828
628360 -773134 6047
439631 -417034 33859
876386 -424695 6716
261230 65780 25841
585715 -407690 20092
754283 -265916 31162
1931 876665 28234
560321 933978 17314
-964239 362942 15095
-417039 766680 19212
-777884 -315566 11545
569436 -562413 34150
492850 -739574 16488
-385949 178682 45228
304580 -690136 3484
-546326 -323215 16196
593454 -247431 21674
-338421 497428 31383
-325852 172363 38804
656733 -177353 13076
-244679 112402 26917
157047 -274445 14551
-952994 183538 32199
560927 -565682 589
556432 -306966 48450
-629973 -374407 11052
-172283 120715 14912
-572313 -431568 23663
486305 938522 16296
-301445 -504014 39217
62747 850459 11356
-924347 -638639 48536
-401903 -847818 3097
-873456 -100093 21391
-922573 -393969 48598
542737 110067 20299
-382628 -344847 35243
-493636 -879872 46134
424761 74716 35381
529712 315240 18207
822263 687151 38828
996962 -456067 53
51147 211502 34161
-856214 -163326 36881
567376 -36017 12398
311674 29619 47113
33018 -807001 18198
-74929 303443 21953
541044 -128005 40399
329273 306622 21382
910739 -17098 26869
121167 -14547 23682
839849 -2818 39489
-745159 124762 29414
634467 -555984 42353
-511019 -867813 39239
-995694 482325 6822
-151256 603774 36836
-70899 -604709 4206
967473 -845989 21658
15163 -361619 12142
970987 -235927 7277
-831321 296281 40461
-384737 -148875 5888
361531 93634 35860
188210 86725 7244
-353491 251493 14070
75138 911532 44204
455396 559764 33564
-661487 755244 12966
-859188 97673 26567
-685655 859281 29417
-587465 67283 2064
-590869 -846663 33477
-91746 -715724 47449
-444436 -917896 39037
885101 223115 24358
743073 -833983 19164
-173907 99268 49958
272130 -765725 26892
133620 -542306 27975
251866 -613065 21660
-416092 -545918 9113
126320 186463 25385
120936 -314861 1203
-166725 -312778 4760
945579 587100 35741
-866250 -313019 7196
-468566 80323 22288
995297 107734 10949
967648 240349 9133
-55793 600794 1203
553152 -989504 36416
-326888 122821 47858
-613757 567315 8489
-845482 732218 17567
32747 755371 6596
992875 -822587 9759
282988 621755 4386
972712 -835779 6202
15468 -116832 30076
47494 650147 29219
-31122 655657 14459
-703899 -59087 29528
-17112 574348 41849
-160692 3131 27631
-476802 -784541 17545
-293860 -645243 39724
-623862 -355689 8879
781726 -496496 40942
-235049 -72722 13949
-94311 -480410 46986
-269168 -610627 35124
845 -914923 6919
371317 -854392 17930
10041 58855 35294
-189122 921464 21583
-380074 -24948 33220
-213515 432233 32344
537552 76335 5953
102766 -245390 20246
686576 208483 31169
-68081 376437 25785
-610581 674597 27352
500378 99778 18796
-294079 -522872 11304
26860 496758 23932
-340481 -268220 13799
529105 988210 44936
-720669 -849235 47889
912556 -521549 42005
-747879 -227191 30402
94496 -707080 45136
-718289 958607 14438
158887 -150527 42441
-252105 195975 19717
361944 140336 43920
-996207 329049 49045
-784516 -296235 15877
20622 -415071 32818
-474123 930311 34330
-594494 411898 38379
-935934 -433809 1944
562092 -307865 38523
-629609 727551 29702
-497801 -722351 31513
754234 436053 7582
-783679 -662660 20028
-26607 -71634 6097
-839225 838295 25592
-429521 104909 45739
274612 -993603 24403
226678 9862 26321
12459 51487 17391
480288 -792094 27846
-137921 -717894 47423
-875285 -724965 16182
912465 -799376 4321
-43162 -260588 12883
399138 -614309 13379
-264512 271744 35276
-449063 -407701 6133
845323 -487044 27878
496895 -82348 31283
-501705 55522 38844
816547 -221725 18137
-765302 953827 17857
-799292 -132662 43432
-976538 -261431 24211
-838921 514367 4095
-301779 -447629 8150
863309 75471 13848
-463404 984864 22566
-438542 -552163 48513
-351948 260180 40404
-923158 212435 14064
-595762 399988 21331
245322 -261321 40330
-522375 379241 44652
-660454 316636 9634
80939 -834194 43283
-388974 573300 10368
-763378 20595 26303
-104512 -859528 22818
104576 -794459 5063
-361933 482550 23096
-820199 306037 36961
571214 344816 24900
-153685 394127 36564
-713120 -114328 19119
-521042 -664926 23693
-942805 -419268 6970
432666 459471 44667
-251408 -726212 6676
574249 -932833 4850
102413 -319508 15659
-32139 552976 14644
908292 -452422 4840
433775 -361845 25654
575965 -890674 42795
-455684 -976536 16789
-165295 -627141 44668
935591 -574522 32146
186215 -463484 3581
525466 850559 6826
-322956 -808695 44890
956978 651655 34434
277101 418943 19538
-19356 -906357 23350
-372782 610032 31631
-494479 313457 13229
568158 647628 48891
829524 -15482 17223
421192 863953 45854
892330 -699324 33388
818540 672200 11235
-464957 -342014 35252
-221377 585890 24822
-487665 516282 12716
-440727 -568738 32050
-462191 596906 483
580741 95875 26567
280506 890177 30432
984198 107597 17751
-516723 -880303 24191
-358392 -75741 37284
53845 -90272 6573
-996696 933680 8508
-282348 -939350 20630
533639 703985 6261
-273662 -287198 22373
123870 207531 39787
248946 -884245 42090
861664 -606746 32990
805618 -196810 47137
-225121 994563 19734
-571052 -416868 31853
341931 377605 39594
747196 -69804 23693
428639 -381782 15666
-722355 621790 20635
909978 905049 33440
124984 277684 30831
-211736 -153732 18671
-211912 786522 10367
463381 -593471 2219
-665551 -59259 31577
-572236 744976 6699
-103786 -18186 45566
-200688 -586114 44948
-46697 -821569 14651
879162 -121582 43924
128681 82083 23632
90583 -301507 10929
25923 234919 40152
-520054 110791 41634
-95693 -544072 20980
-399155 65904 977
-493961 348596 23565
613020 634306 4281
588879 802163 34059
-471056 275060 37113
401610 -901174 2438
155511 222313 14702
452190 -995993 45488
-867687 260413 29135
874102 -759960 31952
-762759 149747 29181
608603 435665 36891
-252873 459967 37902
-197174 -809713 46836
-728636 -392806 325
-354319 60239 21360
229631 110029 37298
-374615 900320 25890
-230350 -741638 40863
-76759 580543 23628
-269382 -705026 16955
30909 795083 40889
-105607 -117778 45998
-296880 -661176 22940
952591 320655 325
467712 488003 40209
-796423 423071 18090
-98924 -411046 9271
-574473 715645 10136
-53031 -625526 42760
622868 990632 15418
907142 -67671 48733
900839 -256985 32593
455378 -567726 17115
346914 -509577 21061
421179 30095 36886
-666514 38561 11252
-233980 423585 19841
637541 942269 1201
509921 91486 23409
-354040 -114157 6602
669805 824367 21271
-284955 -315226 46451
697020 569201 1740
-194083 -953593 45048
-655069 613603 10653
-439523 -190565 33916
-767018 128745 39374
-791900 194410 14056
313615 904438 49347
-729841 319253 39621
499778 -491445 33862
-333818 387328 40247
507224 -678727 27658
-356407 471356 6403
710655 -110600 31993
-793241 126907 15009
799149 717412 15476
834605 138577 5742
-346451 805288 4802
231067 556119 6469
-476463 -532154 7166
536800 -808957 49536
810995 -242532 49878
321315 928870 32409
251688 -90687 18186
-788565 -413608 2718
351564 922446 4537
47499 -671328 3725
-271453 518423 5405
-97945 111286 5724
430823 -317333 27653
-960806 757691 2611
-275106 -52586 20327
-585582 -687872 38751
730635 229592 10856
176229 167882 27336
724033 483282 35055
619769 -759331 24819
-225853 449272 39943
364137 960565 4305
-132881 -260934 13417
861271 -966768 7328
639888 -330851 26259
-60459 -293854 7550
272329 -854331 15284
-186439 389710 11082
-805895 -584529 33985
-218107 -385547 2942
-724180 992019 9820
755588 -803787 16042
230307 -767185 24671
832595 82725 11702
899736 -608178 32357
762883 145348 31960
-574185 -53151 5328
383006 -22204 46150
43222 -424287 12763
237257 -675011 36892
-895761 -859449 40177
870950 -261352 47975
575613 145568 11885
-18557 -771986 34460
-757200 747971 41955
-380311 -6534 7052
289600 200460 34732
971199 36699 27708
660152 632063 4604
744154 542115 9288
-461495 910338 15688
865326 -246560 47734
-132762 -774227 49202
-452694 901606 1035
705832 -386758 21605
694270 -799514 38811
81214 -689060 33283
939742 966150 31866
-85879 684533 18634
-482070 -231860 28986
153529 298532 20537
-987436 917532 13381
172705 -718357 24347
747950 444388 35107
-590793 39201 30326
-242755 471398 1770
-348622 974954 5329
-424604 -572225 11136
980869 -734781 9053
759953 840583 40719
-661724 983403 10582
-117002 -907945 39131
-69709 -579014 30529
962797 360217 43684
-384466 -441862 46868
-860286 276220 45142
646499 -83227 40034
-255901 -419512 9279
-120329 -936864 33901
570099 -142082 10009
819013 -756999 17845
-978162 871901 24711
213359 151704 39386
-93014 -395734 5746
-551713 598261 3505
-582955 1441 42143
616822 -501710 43881
671740 -495985 28959
323182 -267373 14646
678859 436561 17229
-104187 873964 26269
190104 -244137 13646
-47938 319409 21129
194366 -179060 28663
530013 -440691 14371
-111353 -754550 8567
484504 -394146 3793
91152 607813 37150
-121133 99035 7619
326442 654791 35209
888364 349097 31982
-139274 465084 14123
-735890 429096 47136
871208 -520103 6732
284438 533653 30050
338925 -574421 22025
-494817 -496996 17198
117669 475710 49209
84266 -756356 28523
908614 -61188 32961
-898568 -713172 40288
-261371 -211587 32417
-193510 66101 40198
-107530 615439 49466
-659608 -224429 12214
-245531 -653005 5379
700120 8335 22669
-176396 -903525 36937
528049 251146 35468
-341102 876149 40676
-565811 -46956 24257
318796 -977253 15132
555236 175778 3102
492079 357991 8843
278251 -209372 45801
-192045 98094 21973
73593 -351362 6006
-938372 823699 19616
152265 442834 24324
-303765 -425444 30036
-681332 -50286 30198
-169544 -263579 20326
-718348 -144837 10843
-139402 -477305 34645
-757214 604872 31822
975647 -811009 2570
146777 -15825 49015
686734 -379024 23718
-280673 538549 26583
837838 -977878 23548
991192 131045 43751
-353585 641188 16956
-887539 -919405 49977
-999953 -25204 41245
-276988 -696760 20188
991257 -894684 35814
-556819 59251 34650
836634 583038 45102
698801 -329731 44095
-192922 -763675 33010
-300465 235147 15675
-651166 686801 33578
-738413 868640 30644
702948 45241 39646
-9174 94840 47072
-982603 -94074 28641
-286879 72123 45252
-506150 -469385 26556
-333704 300086 46980
-93140 -437937 20229
-459869 233403 4885
445288 631901 49358
358880 781161 47078
-38584 -738021 30412
567224 32856 15501
887421 -593975 15737
229504 -553556 30454
-240343 -791374 44051
94241 383422 45121
293565 -400070 34791
-709981 235802 11310
633139 347028 11899
-442594 652323 8804
866840 485454 42024
-129555 -915202 37298
713551 640292 8605
-311075 -782599 29237
-97060 930187 32306
-296233 281861 15600
-441358 -149047 39782
741901 4064 18236
3620 -655199 21084
-428610 -448625 17
-568371 -502321 16693
-109278 -748822 47734
976746 844123 43539
992398 -602701 44223
12720 -534903 9589
-929432 343820 19509
772736 746670 12839
52507 -732208 31530
602433 50349 49495
-209019 34284 10615
127538 919624 604086 525775
-821119 889209 972456 43697
-635446 -789138 609073 265013
-199905 -246947 460279 973390
-229899 -935747 476791 703828
-711501 154394 385337 874980
380427 -346980 124694 656409
-665297 344385 175855 592517
-80393 505794 265357 825813
-738980 -769199 729041 187107
-362041 511016 794320 908222
-430721 864999 117326 594183
137355 -174516 728328 125600
228042 427388 134352 129968
-720189 172630 464535 955083
752027 -165981 573045 550357
603961 -370807 83888 599254
-596381 -398584 197805 378390
537833 266477 455156 816034
707618 798049 727942 690656
558090 -71393 501640 916236
-815298 218636 168464 93108
659124 876866 820252 151714
-293711 819321 729210 576662
857020 -298701 774876 122395
-494522 293311 161119 556292
-622254 -698369 774527 892537
-253806 -78375 938358 792924
903562 300864 591993 288618
69698 284339 669838 164738
455927 665753 616228 649482
428502 -945814 727507 707706
520300 479684 425849 200382
-359164 24077 341143 840120
-157029 591703 491489 258168
-804269 -228816 294022 999805
-953500 -143918 510468 288918
-450797 -119715 669234 315396
-860782 931242 948316 641123
-456900 740391 460136 874101
-761851 399360 638237 438277
-969546 617262 127571 190273
-17592 -505682 987234 428379
-859543 946843 338068 509979
578062 818091 946546 306017
-793934 226916 320044 374588
625591 -691648 995750 58461
-485898 -740707 956067 106213
848273 83266 358832 468358
460598 386194 42630 107885
-508779 453833 362755 380567
314827 432542 306385 291514
-67398 -726687 374844 868164
138347 768624 741508 16413
-664227 719934 651363 11722
-719533 44381 548345 15334
837402 -660431 119546 454685
-273990 -65177 87667 792189
-466976 -109853 50929 629811
-667595 517731 500147 166173
163623 584832 657608 743744
-688248 -625498 233096 209372
-279289 -589980 930316 320248
965263 -432672 954369 747443
947865 -782137 698446 659412
343004 -945943 145794 929031
286341 847 630316 778149
625021 451571 807569 829003
17901 373605 864987 282025
-282265 -924022 224105 552115
557689 -631258 491387 520107
-893380 -404132 372060 21361
-73359 -752223 603546 244270
-837374 147785 177374 387584
-122993 445047 804691 423946
9710 -135955 66988 461457
182533 -508163 586302 405035
-113319 129107 244264 129871
-335366 -760594 336046 223268
-488335 -833989 301775 944285
818239 957225 566033 60192
-928037 -549260 874560 152552
161244 -997037 370555 609025
-393834 577286 864830 132288
742342 426189 371597 312678
-392134 -3594 835771 561008
-349928 278445 138535 2166
-699675 256176 304469 668101
350712 -44384 988424 657048
45137 985153 330019 458096
434534 -380460 285944 572965
-744222 -437868 551735 970532
926269 -419793 877033 559705
-345743 136179 537486 878024
-725104 273276 177053 673594
-448100 -888024 67610 909594
834857 -891645 723887 258808
-569954 -358502 680555 546374
-697771 -745476 219660 741131
-904591 235104 692424 507455
-784554 698969 860437 179576
-820647 539637 999334 861744
298626 -309084 892478 540620
730610 -879145 910125 540221
-276560 591556 317923 472383
-1389 -358710 27274 637262
-874785 -455294 806610 581338
6333 714386 795230 515862
138008 -880628 855345 654904
677848 -444035 758472 173256
277042 -232771 894451 160502
932646 -699703 125606 808289
100066 -6431 892332 117296
-161625 -1157 695017 988114
632968 599128 773515 929961
203761 835844 121196 963875
376079 -712817 384124 24127
-692393 -40596 895382 229523
-689179 199744 418067 542736
-232607 -87639 452369 667595
-656319 -730865 777148 804512
-42243 946487 822864 79131
211096 895814 209557 344338
-83748 912915 305229 376704
831650 -686978 241898 719026
214086 -64 75847 324111
-721267 -410430 778081 477478
-678153 -172917 358502 316798
-897180 -695860 463048 398243
559828 435395 126430 234695
502055 -937377 440012 101
-449341 -152747 539091 516820
599821 476501 599010 466274
54965 -80978 375261 210155
-87981 -514469 833271 86335
829545 -321963 692539 332763
-518984 960051 573627 368342
681689 118695 22562 778405
922747 427756 159981 479637
250357 508068 912211 548650
510616 -373444 910712 884815
-340160 -331528 319199 661927
-587119 654018 251731 926776
-14414 339468 228078 232435
492007 -701412 521636 274927
177999 712089 41158 721664
363626 701952 487703 737979
-205691 507205 513035 206134
-989221 -723407 569458 381587
549027 -329573 11901 945142
644451 935953 406000 580951
782800 -213461 380360 306221
184240 928122 341864 484088
-596863 544337 164840 66658
460173 -854126 756913 71142
-580187 -602859 905130 574845
991512 70526 129197 143102
270576 -856602 174719 399707
-170191 -60979 637204 726692
759577 -252170 78965 736322
163254 -193518 939275 875346
980791 -921347 234313 154984
-127721 -882834 910386 832625
637785 650367 239921 748931
719335 341551 663543 422053
-338884 449141 188343 887432
-756290 892916 690725 774148
620867 744571 668585 653773
-234105 -827335 85357 169013
708021 -511256 245833 21832
388976 571945 730443 476659
636461 -667337 535727 937221
186447 162186 147050 473200
-432610 -672258 208583 738007
-264689 107437 887581 591911
-272426 805103 861347 25026
383275 831397 436216 352100
266418 121007 512575 815652
-906547 175575 559981 271840
-254247 -516132 395357 491446
-890753 457906 939714 979222
461805 21266 794619 398668
-658822 -724680 817704 754529
649389 -636789 130894 159512
-132277 213736 317485 878261
-884697 -458055 454516 242909
763514 -225950 956176 361145
379919 -742345 861858 659826
105641 678164 703233 114591
-835794 223872 707026 246329
-112070 -450773 138500 928834
-483617 29820 631052 519708
439295 -1137 712650 217721
889223 12508 288700 147922
188788 -988312 339859 2411
716368 -406658 490989 490998
-877741 -404658 589581 297468
-211960 -112878 890273 110090
-369266 333134 389869 722039
253473 -892626 637306 550780
629967 -4904 764901 314370
-270091 -873221 604016 809878
-694302 -199237 501999 320226
601914 -871875 475798 585403
714261 -757051 492154 838451
347524 103430 684157 816875
251538 -446855 328263 9910
-761375 -456333 260646 702846
-204611 645111 168414 617041
-190484 -709473 595249 621729
934140 953427 424013 285622
328028 568079 2895 879897
427254 808219 350123 134300
-822580 -97176 15430 418559
-185769 -715331 262543 144971
-488168 217239 208935 699216
231541 383771 782730 31312
-657956 -186370 555058 253663
-443574 858029 674319 33964
898134 104615 923519 742809
-391586 173236 384266 820098
-301566 -894889 256228 378727
210317 -394899 827457 360467
649336 312827 679053 495214
-112827 274269 108102 20164
-446826 366248 593139 381556
-211677 -482244 956307 778031
-764181 -459430 377102 656561
647207 947452 838625 389088
128492 -678231 563370 610517
85834 -102809 651198 853358
148584 -610197 44952 958755
540183 573507 619478 460277
279129 -765507 317970 901918
608801 -570987 398187 173355
908471 720237 724608 33232
546835 928416 145886 686379
579755 15028 549595 827301
-243778 -725964 555201 709274
842620 761776 587691 256314
470704 833060 662628 574015
641631 365337 460371 114853
252972 762257 805431 654901
-335352 688228 524309 859904
183769 -173994 43332 902694
-439921 256712 885340 788699
177872 -674116 881560 146393
640490 -229532 293676 888503
-48312 883074 795563 156730
-120230 -889057 721871 976357
-317266 804636 364510 716904
292755 -205527 186750 165032
-224595 316444 754441 274522
978427 123336 20085 746602
-70727 855040 790444 177683
720345 -318337 815878 19895
-294080 -351223 7007 579579
30053 136939 741173 815818
-559194 235552 497962 561359
-598869 -558817 811557 565355
315514 -809396 903988 667508
-386189 -903022 946352 605164
398588 -138285 109983 564356
-869154 378855 455563 628832
-870762 380399 404312 663714
-13831 -465180 203636 604513
827590 -855457 235135 809206
-695413 -172698 984799 740955
-290432 64508 296638 28290
-433189 841514 716307 534036
-858024 -697008 143870 457787
-669372 -950058 500533 683797
-223174 245624 837615 302861
-517183 -401929 643535 964649
113634 230817 715877 304876
900187 -526100 455937 137265
-449305 -54982 824770 434253
752696 222112 66812 115471
101592 -355512 258013 895390
-940613 -200561 459566 641674
600262 994910 368108 322752
760729 -957112 264810 781428
-58225 -139916 221476 319059
414808 153385 480160 336730
-957110 217076 796655 939782
251388 -831831 196938 583837
199881 375476 131996 595811
-28711 23725 826966 244963
68249 -109384 535305 733520
486000 957414 81018 487453
-571406 192573 251670 248994
-768721 -327473 293254 277
457202 -469570 218648 624212
-400996 974779 213004 740728
-81311 504798 811173 716737
-90950 750138 30003 666718
776198 790988 491873 345656
9243 -33694 459717 712615
170728 -271771 517748 76552
-839586 -505342 225608 193036
-661111 -445119 79043 74080
908332 -186671 192910 246690
-669550 -273375 964011 503769
176931 -398099 978857 951176
-863876 938460 682199 718198
28251 128272 317672 334164
-965277 911562 784800 194441
581051 788458 663927 886132
348655 758702 424514 818155
362796 -984732 615229 648270
590472 -922037 461529 291406
-503606 -901284 860643 734473
-41056 558403 576755 53064
-727389 -156674 607331 598743
789706 693607 554871 828128
942744 -593549 649453 492173
470945 513038 88473 652045
831194 393296 303345 736848
420964 839629 970598 507100
63881 -1551 197919 687673
-47835 -961382 414873 968159
781212 627833 418594 255295
158992 674030 623074 608342
-549798 -245531 276087 601643
758912 -684187 333875 814015
-579689 -342502 896115 744540
-557256 898597 541196 234992
-510414 -818197 141148 513541
-730549 -112165 193969 128205
-125139 -90693 300596 763670
115783 -655006 400412 62716
837875 270933 889 620029
-945993 950686 143627 936717
-306610 698935 996699 670116
-827493 -487325 793915 949157
-360478 29269 271708 206561
82396 -707916 875663 31030
624344 951905 310749 767638
-983325 -878660 761713 460202
851565 -617898 809849 46341
-95323 794582 406648 804943
-464999 -811159 372754 21144
365735 650743 362455 684103
57321 -980623 263313 569711
986212 324958 235054 690195
-223148 -155403 411692 60229
861302 -823456 437857 469450
-991561 782464 768820 43459
-624464 -403099 141201 630129
-411735 857922 559686 249781
-833289 -781333 901656 967388
320134 7535 178183 224649
95832 -961107 483008 293538
-899443 601885 767648 817432
730447 596617 783305 848138
-138429 -908033 906768 93495
82044 379776 877608 298122
-513804 -594657 946161 779720
552239 -149045 185201 961670
843412 491651 338742 993157
28888 26345 930409 814912
-381276 388564 369399 629668
-860234 -955342 58414 262920
-60793 -685380 246110 666005
-45846 -298548 10662 773079
90179 827839 654964 209547
-562604 511168 692829 978347
-505602 642222 434243 945860
-664202 115021 726818 869448
134523 204666 81535 21344
-553272 -288183 750094 304435
-460790 -285443 898942 467466
-235656 -278514 807505 737998
440777 -959385 625542 322544
103276 303678 497630 995228
406563 175567 57217 924374
-377731 -253927 929791 298781
-944716 770448 122121 875715
72532 465290 851104 755305
-363160 839118 829153 562441
105860 222467 939452 812428
-308700 -963981 716418 500977
-676885 -406961 507101 856809
365812 205519 368339 706137
279629 -134124 868862 349702
-953193 965256 983968 636046
-778058 -744326 59267 849126
418122 657997 312436 661366
344201 957000 509987 237958
-595480 -347634 184469 59707
31935 223941 697058 309630
-464747 123781 757623 756257
174495 -554216 145330 344530
363765 758378 971761 481785
166984 -610370 302267 221286
-178497 348043 840304 544931
486869 -118737 543128 62440
-802091 407892 909178 39849
853792 855718 508022 217720
262065 -396190 243074 621895
874811 -902023 91461 968901
566242 799422 995080 583406
-669118 632841 649033 537742
140623 813214 147312 285869
-234889 593872 529019 794759
-10191 418883 657136 449104
909109 907867 176295 642236
470253 -443323 118206 543304
385781 641756 346077 560419
-776224 -687666 659405 518821
428721 594260 664609 796643
-571481 -112568 6258 732025
-225337 -97546 490685 572062
-131216 369259 751654 704776
56958 741020 605278 244047
37927 214283 177414 541110
-396393 307353 33372 157900
-486256 2427 940855 945012
-431592 36690 344193 765528
-966589 894544 224717 909635
147285 -440450 657965 790205
-114155 524527 783733 910355
-857784 293860 993824 847993
34027 -817087 4995 471672
760028 884027 103534 53849
943602 -396443 304845 779214
-157330 617914 793330 744795
965388 127027 379676 866052
335731 -31835 250681 113534
-632210 732479 774562 221055
592580 610881 505023 383285
455004 -817736 875588 970963
-72285 913810 253950 994326
-393368 750471 529005 854877
633971 626676 382138 889196
995233 -94794 803136 128161
-14468 613419 9513 202385
-430228 253795 297671 566822
-759093 -433796 326714 734046
-615066 295310 476025 114665
-680512 19 814520 561191
-813965 679407 649411 911957
-314157 -291708 460284 543192
-177090 623444 330754 549600
-666019 -501106 287394 593341
-654464 -596572 353646 519072
82424 564825 453036 801578
-960851 384087 974920 580006
-800696 431578 455659 218332
-353125 -126287 675519 90385
-133331 -295847 568468 529463
-570815 966550 189662 802067
918169 826147 346354 480754
626487 596707 352334 86775
686568 -378807 949632 295533
278022 -981789 184877 201281
495593 122190 811259 466663
280581 848323 468762 616085
-767140 7078 935447 733222
434110 -41864 684504 987096
1258 712205 904403 225942
-700366 440386 810301 393837
504011 -139380 982615 831270
-804164 977622 924299 98743
-578697 924123 490737 81300
-744211 -610641 679520 305939
-31998 -881102 763582 394766
640085 -161730 875066 694515
485396 716928 49260 48632
747707 902184 680765 162069
-687113 183591 302405 256765
834627 -208405 284149 960871
170991 315006 607022 611078
-14213 -368925 438056 612432
-847820 -111170 240324 336198
747716 818202 220400 7148
568662 -671310 293503 571627
-310772 -475379 696411 900315
156885 554886 300483 513448
811169 -595481 223479 324420
-312513 -484343 604818 156465
-803489 -793470 47736 291554
-848186 -500153 19818 257422
-530625 236231 685493 33345
-739142 152815 559389 163145
-293679 -794982 740455 274413
-269629 596644 751754 156345
541554 920155 35511 777689
-564363 -312942 188262 618620
-817588 -721555 858541 398159
25497 891339 120433 169462
177253 146998 329015 765528
597541 780534 897968 519118
491739 -856162 344949 740249
923624 -307170 915825 205867
936196 984574 376298 46144
424733 -360195 197607 942436
354364 -924557 613772 927476
-325522 564792 429460 615129
-54714 257751 9449 358821
345548 -843035 251928 674456
-686367 191150 689278 908643
616524 -683522 108464 326534
247795 -757272 3284 163899
-916666 67953 708929 350826
-91628 -242394 91468 997513
-61662 -643720 954172 420853
570747 663043 985438 699006
22381 322093 440609 617426
373648 -54015 417310 765770
845932 224324 335486 205815
-251002 -522160 401152 793481
-90247 -411039 95708 171290
26724 -643411 637119 580981
-962676 906817 977080 289178
384246 -458535 973007 747821
294220 -7818 999645 859425
-541387 561852 613786 24421
215276 -401944 934553 252339
-42007 -139311 543648 831993
728169 -914385 846704 370639
200772 -555725 611354 183757
-454379 565239 262753 283753
-833045 277956 372309 43604
-346337 419911 704177 105604
666076 -379919 820452 625209
-141930 -745298 691474 183730
993872 -277297 220803 822706
715328 -356329 97164 374556
-320272 -68852 641817 598723
-973812 713987 406060 253186
116418 227439 996600 388001
843305 -576270 405595 114090
193130 -54771 395744 64990
-12628 -844265 202849 851820
-884934 404232 739728 732802
-343931 22348 408442 996791
-500796 483799 477917 639863
687670 48888 474798 90526
954265 526438 797109 710697
-366716 63835 113104 169280
704126 31463 678605 147327
-344962 -74995 832539 89792
-150982 844905 713486 29572
13615 -216776 672380 196128
-6726 -720803 602453 810243
156223 -585720 949226 666702
178031 -707907 304815 781114
-254213 -955951 302700 831721
277606 246230 228 371480
-735749 -470043 174303 14914
613855 948978 563247 826545
383888 -239427 249672 597802
351425 -625507 800482 242939
657526 -349862 771670 335620
802668 -112704 699661 904481
543512 -210490 170296 408477
855308 -154195 920772 906486
229061 195329 567217 70017
753568 793755 828130 836000
-750482 -338970 572053 612549
306285 -685988 640872 736295
212255 -715212 860522 177806
966385 529904 138305 183730
375156 521230 829528 247391
280146 364095 43771 60167
-700656 363259 160095 999442
-625284 -237019 754285 690633
-750584 35768 887540 300551
-902438 991347 445644 111727
939790 -642614 414861 40502
-280535 510008 960512 196968
-499800 -513133 182535 519902
286595 -356044 255021 709446
480491 353831 711909 738600
-159718 -27639 782782 607993
-420643 703371 843933 775489
-494852 65262 759486 124152
959036 430522 217388 394715
-411299 263703 387588 193552
-921792 694584 890317 730538
-166638 665509 390499 591383
308217 -219904 825891 375591
525207 94845 112222 671358
589233 807119 131007 386040
-445439 -439628 648366 47631
55978 5404 817242 978928
403844 336797 422240 906691
917819 226003 332654 745214
-955646 -234162 758823 31405
-44486 -441078 318019 27403
142614 -267382 792521 572317
-458004 973673 546719 53428
-586785 -951761 534232 514272
663248 495787 299178 437919
795225 575329 486186 360533
-47486 -864821 359007 926964
702563 -946263 408345 649935
-356922 59360 708046 918879
-164189 969626 66462 266974
256147 -489891 29637 637048
651025 -167302 138397 198554
-569753 -146040 445388 514215
-742671 68549 21708 34349
344450 -407001 947784 502207
274404 -888076 609769 70114
-399994 -80754 387125 608565
115879 -213014 877369 452015
149029 -296139 649195 535309
-282078 -16133 112903 358671
-911184 771618 524940 617718
273956 -59286 266562 801194
-931045 -372997 111060 847503
420032 940911 601850 547559
507586 266239 719919 72411
133011 389001 692200 855996
-722679 -469199 924394 305222
681550 580441 694635 32088
-618105 50952 37958 965769
-614893 -186652 755290 817236
187648 444329 394926 939373
-208790 -487262 163594 516249
774107 -780549 543882 3880
-236073 -655277 247207 262130
800335 197810 402428 326852
137052 303310 654611 335240
783719 -549833 388546 558407
-330045 311201 633194 577569
-390594 -839316 270966 987311
-858144 -236414 675478 953239
-349437 -200841 585601 110819
681662 718202 873682 758481
-29168 -715777 490840 862810
98180 937295 113770 836501
-153691 378493 210142 170279
-606024 -812781 748522 456077
873845 -541717 856166 732518
892254 -103868 771550 508208
539783 719313 142343 27235
499770 525548 714603 265786
-132906 915632 708002 733280
-340970 -794303 791019 985359
-819233 552280 492122 145425
925200 -353954 445866 56140
-589780 360592 183767 554425
-54207 507168 985965 429333
751643 -456808 476103 194333
564709 -445532 15336 632086
-88855 350394 25104 834126
588726 322695 256015 168574
-259796 920833 729162 856533
-785897 -171030 552375 282737
-15041 687264 382633 405857
373671 683942 63049 186936
522139 816922 936619 708029
305981 -96225 410563 997632
209318 -710587 202094 528343
629552 -577396 204236 967475
-49644 612690 148455 438424
163160 590416 833739 545723
998125 51732 754480 978124
-683382 764257 9219 400801
142405 -240162 996710 64719
-143556 437682 618428 272939
506409 383323 686533 502228
135071 -66773 4698 784157
-824313 -658984 265214 987170
20868 -714321 293606 13682
-220880 789317 561692 587261
-598675 -892677 475396 967431
-398684 -929672 3774 826308
823694 305913 297593 571406
-95019 -374871 893050 522617
874305 -611268 840055 337771
-85463 934479 737337 235095
-752615 -950954 171549 828709
891155 556708 564315 640528
-546701 294335 691019 791114
-265905 -924193 209522 218293
631725 -631096 239933 118407
-394120 -187955 262709 70823
261777 -947828 370419 811936
223774 -125802 637612 711363
794164 675224 761883 274894
137999 447731 920483 702932
599503 -316130 497416 839346
352751 450162 648079 316347
777407 -689848 408621 666850
-736262 -627562 391984 525849
-956819 215825 927634 292641
-626039 -801150 790932 430862
806588 -581060 228225 683793
-12250 -451634 187905 795432
742096 937905 357076 310719
253276 619433 547250 716269
-753816 -48347 659427 193973
-740472 986343 451107 506947
-221260 276103 441124 510811
524959 -370344 823553 228814
518575 610917 593712 153282
646590 907207 826176 438331
-50504 -170882 130061 755589
406433 -990521 560381 411060
288395 819120 618338 442237
697110 629954 727376 38364
-654564 -833209 779622 862696
801796 -153268 424948 160119
6825 -973710 726142 220265
-571501 -975828 306410 444764
655934 -669449 948585 135133
775251 -595619 560166 690033
-651195 446449 483652 381074
668334 -641758 180329 508975
945613 509970 964379 554289
-471576 244745 79813 64944
878513 533837 234321 87651
211539 628566 18103 835391
629220 692250 779537 116532
-780351 381606 306488 552502
631214 744311 766607 386909
-722941 340034 130889 84722
357343 -451659 377358 64815
196996 252533 284830 599844
-854828 790078 907832 863957
-557630 294661 952044 802537
65333 -611605 653236 50182
-911084 35697 365776 882442
777251 318178 994701 49627
-538427 859782 248801 100630
497713 813857 288416 887429
-644819 243917 806921 857535
-419160 391133 356073 74324
-935908 782345 325222 556754
533863 82694 298242 555165
668414 -512379 903800 241215
-523335 -238027 812767 939734
-186348 -151881 709110 510168
-210660 -452541 529141 270829
-481603 871960 302839 562570
-46888 776712 955295 476845
933926 -695104 257218 732062
-663166 -38198 280874 722590
798529 -511237 222844 174966
208242 -822740 955119 322647
-546886 -808077 19594 625754
-556596 -15173 171862 2337
696100 155767 236665 773751
920973 802662 328215 711238
566595 889062 81240 277889
632669 292976 935849 204953
206167 -261161 783929 378278
-313377 -271213 221428 361285
901721 -980976 204887 918906
-751845 -420221 625298 932107
848138 126887 463459 396765
393045 -771724 611624 754147
-578377 -108582 448737 920621
681008 -920958 918656 586430
579884 821083 796547 596831
-548602 889393 77030 442487
-923535 706063 768996 15078
519391 -74680 413261 430721
-726325 -38098 907523 438148
-371391 701382 766149 965994
988628 -911012 702348 215402
549043 -503542 325778 13614
774721 -28786 861861 887012
278605 -481422 125768 838564
926736 -576081 690302 828350
-386720 -466518 973962 232879
-740405 967186 874727 783525
973852 970416 695668 658161
-364257 108435 770711 415169
-821331 201209 944519 162507
-802660 797104 21137 477449
-871031 -783597 81463 53326
-710059 -268037 327205 73943
-92339 -659120 945012 339419
888516 122188 204073 132382
433007 836276 954089 435001
376338 805251 664182 882124
597312 753191 306175 952942
-376542 -59892 350290 318568
227962 383965 262408 115929
-344886 -945358 483604 790538
928159 -693861 329770 840965
691761 87168 164159 363114
-704266 -984513 78232 877637
-490824 -496562 878531 787790
227022 123952 34989 785345
228865 -928782 394050 242381
556168 232365 752300 524435
868215 -753572 479203 214832
-383053 645561 208308 471711
-427482 -220779 369454 873554
848470 781200 566862 517667
299650 823695 885187 658254
-867912 -358081 854779 732695
827579 -278501 587248 273412
-134229 -567445 224851 198476
-639037 -197138 212008 948502
-305833 -818576 908875 411280
673372 989926 502098 199220
-866478 783697 580260 465966
-618146 -643829 821629 867045
-964816 -275781 440283 887172
60135 -431300 194608 950785
-778483 365295 277784 383546
-116062 -393938 669362 824533
-253630 -973400 627220 794879
-139847 -121092 173112 503399
276191 -580413 430768 176401
-833105 905866 259826 748177
236115 780390 37623 577182
-654165 -814285 738456 694725
97727 197611 677651 520460
936360 -691380 237067 650810
-295517 937459 504869 584011
-910886 -141316 220522 714931
-416310 -272580 311444 568379
683902 -433475 535236 789906
747500 463768 37304 697741
-492000 -276457 917504 199568
-639298 -355584 623386 853180
-926177 -290482 791229 891025
-810487 -106217 160741 618490
-206209 560430 335655 385325
579714 936014 713365 264614
112632 90833 605235 984065
174062 -66224 741971 755771
-625209 -294508 723712 601310
382932 533638 840026 643754
203575 407022 583271 547819
-315509 -1181 21727 74405
458416 902283 767958 259588
-915605 679891 787205 150211
593102 537522 785387 257628
-373163 850198 702040 838645
-775070 236862 917833 74772
-415632 965671 616203 907820
745927 883026 939810 790203
-322430 754181 535519 27169
780589 -737818 398920 479244
-606469 276176 885071 627606
-408613 791896 243358 456772
274621 538529 20926 703839
-224495 942198 638571 593397
654869 -29200 20395 873713
-371699 311835 325697 630974
777339 -863327 759459 744201
-171335 994818 119628 925599
-998714 -209278 811717 341047
901077 183214 900326 408193
449427 -955974 110151 984261
-817384 -340473 813687 562383
906527 -166030 516199 359201
118418 -165991 271869 966153
377873 -481325 640138 750847
-467121 -917150 233699 332745
-108698 -839603 404349 373720
178778 267257 734009 739773
-272663 510412 83780 438956
-788842 -213794 739013 612950
-332364 -292682 798545 251923
767058 371505 832848 580281
-526833 836364 903473 597511
-693742 -114736 765287 959942
155724 370143 24527 44630
462352 521999 383254 972672
-531997 -804150 411124 490812
723842 648285 470391 512052
-867589 60547 606398 709288
846296 -84591 698143 180390
626849 418967 449574 436598
-830868 168992 571080 324433
479730 411617 138936 477634
-327293 432004 460656 338423
-163521 -252390 100708 459735
-939664 554009 262712 590391
502785 -241313 86218 656103
986010 -245528 202774 937118
-816794 776658 830693 774477
-56396 478361 695156 715695
19770 -65233 188821 250001
409459 663112 864993 616242
640949 4687 487137 50196
660005 -74844 253099 917216
-645922 -403360 454157 529836
719940 377464 902100 268497
947258 -668334 502450 859537
295672 -312106 616943 274522
483866 -53289 180887 154251
97763 -947605 594646 310407
529750 -113632 174994 817159
-675940 660054 781502 507605
947062 -481799 661150 79143
322287 228396 830779 354135
94538 698329 653177 85455
-663779 575531 771576 565576
-974341 640355 691048 661941
-423770 -638552 223602 959952
885295 -367346 219533 122108
466744 -686370 276964 867947
494627 -351401 457596 116702
559660 -23167 265099 637754
-646023 -183320 553852 489620
-832288 391401 884328 695300
779270 62826 659014 606232
604610 -555543 557000 783753
-790161 -771596 268119 340937
-753838 -605026 169855 708169
241701 -620901 419470 375461
-91318 954995 644833 813193
28334 -544447 715399 811234
-896236 62698 459220 683442
936202 483905 608285 519410
388963 -575268 177020 899514
-565585 -705463 255857 787760
-805426 -882613 255993 693252
476235 -1068 435248 368825
403761 -383620 964324 207236
-224045 142555 502362 734158
-153424 -93495 360285 64533
-414196 559845 63377 403258
674055 -258798 28139 388906
100037 352636 272495 888010
46182 -772005 831909 698829
736454 -626876 363683 827634
-864664 212180 17847 903776
332511 260694 711774 506969
723515 574559 171273 257735
-272695 752071 769 298764
410000 117445 955295 146342
174520 -605571 706151 643390
-802014 844053 397053 545915
-743971 751990 115934 547312
-871699 -152106 373858 675241
-776617 752836 143192 577822
-900986 569363 77591 512178
247491 171189 862717 32720
-135471 446237 733310 376244
-659825 463305 108924 703711
-873831 -113024 838862 436427
-488204 515604 396582 575194
-570936 -427212 709062 801911
106373 -577658 2446 959359
995958 118456 249903 674710
-400898 488637 548630 951153
194291 -616510 544873 930143
-905407 -416619 462802 211431
597616 -419447 829257 638791
93334 -114237 851539 750820
561649 -6359 563178 916017
565137 -739703 138703 838984
-453617 -965961 141791 427051
370634 -806602 314321 421246
447124 353068 481993 225355
299611 -119705 358502 867714
-157050 -799279 53227 977298
-428528 160868 561684 213186
-300783 -372529 918626 314904
-587990 -903603 989261 578024
273235 -504119 617036 816311
-86116 -791778 922669 252667
647478 -583770 348953 606061
66448 734457 466979 395669
43953 616946 9929 995284
-539620 -244119 894201 826744
294488 -694835 872493 858297
316966 49973 190191 39942
568746 481021 968116 489069
-153734 607142 311699 638496
571421 905020 852424 429921
-407532 -558393 132497 607543
-323757 365564 317945 579405
-857988 -93458 389312 459261
951873 -448992 470982 323563
115698 835861 41807 948106
582931 855779 5980 935757
-87929 -572345 540242 840823
366075 -608299 367957 6572
-807115 -648009 17259 217623
44875 -400345 741649 852332
530407 59414 236742 433803
788464 540790 446074 253512
939746 -460229 719573 85006
-587982 -961723 79923 921815
-583515 -133021 137662 212995
-76830 -975586 158202 115052
306502 605347 855052 530184
427879 213446 718917 777839
981756 510946 907405 620087
355797 -195107 985967 877333
-749423 -178787 293668 76469
739361 -176789 955686 642537
660688 201519 333391 429629
-505211 -574671 889474 43237
-359572 11037 115083 167726
241119 -858111 537709 827368
-696744 256750 68739 70880
-734776 -280445 636436 709601
906082 14699 261695 655480
-912635 373028 74644 53642
-431603 -198231 181264 92249
-70545 389072 377321 814446
856242 151998 21167 602091
136963 263894 272095 801529
550863 -376878 232407 409291
-179847 629862 803891 46637
209205 441039 574903 361304
-708959 532569 350666 444484
448882 689818 844223 502385
591615 -220185 166018 486858
-741672 -884573 385028 102840
-610684 785994 202484 766036
230163 -350653 616921 57747
-570421 205846 19859 414472
430769 -124357 407113 737460
-312262 546335 193683 8208
658684 4776 145641 157351
-521947 -129133 881033 773305
-427261 -880873 597415 648769
-226726 793005 656402 230039
-617482 582318 303040 438346
-773022 -278738 574942 723777
549774 -476089 281256 159121
-538606 -404240 8647 516452
-777327 622463 106092 944275
538908 -332503 607984 29607
962382 504860 256672 418708
-387657 745766 50496 593406
-238341 886590 16402 454235
253455 -77490 984835 505934
-15694 -813802 441303 702900
-902467 -334492 250185 398414
766304 -593024 887151 962661
931529 -179008 338321 860093
-586681 411208 138731 299890
-566643 476528 792007 805329
-964281 -986871 485392 163794
-721188 476806 606343 44146
510566 -937113 886797 263060
204772 -777206 252080 950523
675102 608934 799658 86526
40334 -470486 522607 955717
-79142 -617592 907838 498534
-769766 -517890 64470 635216
-573072 -890885 603082 825410
-653037 -145156 495996 362591
-923051 -629146 515781 100098
-995461 220087 321749 970480
-847392 -63734 865187 161366
383840 -136088 425505 916315
714432 -72550 615090 229445
-524766 -664130 795120 729727
695431 -992995 432927 926363
412971 516 836742 907190
421977 -673092 793319 424023
742954 182959 253257 969750
-275452 -421905 965728 539401
174779 276590 936093 170710
-508833 -871239 461334 156758
-895212 834457 23773 713120
757023 235503 842480 701721
858114 750549 587672 355514
770094 -369709 386761 115709
-316110 -39693 98457 669814
-629308 -588847 438055 119271
742386 -594976 350305 150906
-416995 552815 334822 153605
270213 678797 851495 418402
-316978 924049 175162 847991
-812530 34938 968083 181373
-607372 229010 261435 811187
627848 71076 943164 246377
215249 378695 768555 513720
190243 520477 253569 851481
339808 -644782 854942 545864
-874623 -498122 667849 678313
-538677 245980 367048 557378
-745337 -924738 312440 945459
123481 969153 519756 265828
-465877 -650340 130465 165699
399984 836355 964842 141827
-571296 798402 170775 495398
741873 -401430 742838 469111
158722 313796 878561 704383
-979927 -913857 884979 590257
181185 -289071 296831 297634
-876683 564604 110038 394171
-925593 -42770 909362 144968
-275183 -596481 305275 365718
519910 -401173 485764 864647
544887 641085 515662 470945
442902 -248857 71218 975514
746023 -20508 291053 187655
-150901 961209 830946 696379
-164318 -76442 436728 122983
-667696 747481 810578 435021
-429396 692401 133030 284445
232938 -451926 836648 112038
517177 -812486 392170 630471
-774348 618802 915735 721380
-69063 495907 431458 878193
518697 15386 80209 353921
397076 -895753 568339 925270
773787 580545 399598 202552
984304 -666864 814543 910021
-841157 -999031 947005 960588
-549504 241896 447092 409781
456334 609828 724524 267077
101950 -98431 906294 820556
-31719 280651 136974 377989
530748 -436319 115451 74749
-207375 160738 426505 970434
-859479 164051 47019 291055
305372 -314552 707287 602235
86997 -445339 241676 793938
-859553 -722375 796670 824893
412981 405052 160212 201587
-558785 -922601 59873 421481
736247 -339784 133209 107973
-920406 -996035 3123 511509
-74940 -84433 949457 823569
-123666 29950 19456 135801
-75662 517811 447202 960358
-80175 646982 444736 170733
-334901 679223 497923 96473
-56389 588628 255597 772458
572462 -867615 290331 236291
636456 114868 915816 149514
-168158 -817851 573311 290148
823317 642942 60614 672156
245231 931003 670409 337914
205295 893503 659025 680794
816608 555490 78025 8406
-515867 -880046 857399 206963
-98849 -271831 25745 376524
-79845 469723 6818 123899
124846 -92737 534989 437438
-475899 -257060 333386 952006
658299 908358 845454 347011
112135 -175259 692165 790283
-121941 -994883 456719 155144
-211635 -347796 727870 652728
312178 153376 145063 100974
858308 -199304 763656 108344
152279 287556 579799 404231
-321064 -161541 205662 522802
-580959 316717 506650 524505
174489 871 601200 347881
717009 810568 167975 530057
874364 -493617 193434 318889
-63956 750351 952331 498747
403948 595152 439270 841151
-140859 -89879 437693 980539
-223207 646963 763313 553722
364259 860718 167472 523484
-644133 -331627 108753 635480
-985199 -624547 618142 139109
874747 143576 707496 50691
868630 -867421 367598 760021
110476 564539 961618 948460
-896743 879226 134002 633690
-56947 -298739 173749 828936
432520 680411 859602 874654
-847734 -52458 371646 640467
809408 6092 878355 212317
196703 114032 521581 221940
899245 -529006 975160 865222
620601 172077 188272 678749
-274410 -910024 760809 800505
-394150 -994798 194984 126276
-126305 182909 274770 438400
862530 763476 769959 627353
824349 -501499 464187 785565
-934165 648187 156406 188726
949529 -494061 798558 377559
453603 114739 309777 711007
-43665 406444 501493 230111
-496362 124520 389067 618702
-278122 826344 488487 454528
-443817 -61631 988938 432576
751002 336356 922123 352725
301691 -38572 395221 968558
-200657 598678 472731 819157
777662 -380628 692053 301020
-332903 236898 107612 27230
662229 -215751 99063 477940
494120 511225 144762 716651
-304129 -520392 245241 480759
-686590 57821 532311 287212
409591 594146 606893 859021
589111 271659 86832 53085
-155084 -177883 718467 802423
975231 -836089 262718 317824
-990597 164837 2761 596517
360509 -117506 229346 315103
-736341 135579 728076 295992
839218 -848711 298217 199962
-224796 -507655 702954 842377
173175 805323 245570 472617
-947916 79134 708074 181574
-316176 694622 25506 21924
323900 960273 322370 960245
-106164 -693374 426368 659497
-823162 810132 475398 207812
-357950 325366 910364 280653
888795 170633 662448 720431
249931 132987 711424 406179
890839 -854316 845719 421343
-945512 861274 987730 995618
875806 104917 260905 572243
276627 -551518 764687 876532
505092 -569856 355595 128255
-447856 45054 142029 658137
83484 889650 96542 733082
815425 -332900 352387 717272
28885 478026 974125 95865
-224061 268342 898458 763077
946564 -26351 450874 702513
-517140 879605 519482 628419
376147 -324392 567336 525165
-954319 430088 714234 464119
-744468 562419 996455 9779
50762 -1872 532942 628168
172916 -950074 303045 896083
-204000 419161 450236 428680
-282767 543483 160325 988873
664576 -234658 952130 954286
357392 43806 432039 723291
189656 59720 615173 812354
109937 -155650 363957 759412
-790930 -748472 736597 608704
-573036 476435 27479 705575
-261964 -895076 178350 352604
866246 -759011 916092 974265
-614934 -929695 88587 597769
105463 -246120 14366 459333
-992756 238995 418572 356418
392722 -672400 490232 663652
898946 -8314 223364 419612
413976 -679684 341787 879613
362511 16212 758647 409867
78674 -581153 194645 323079
127555 -302603 1886 958726
-175684 -392368 86829 88697
-135905 -659778 764293 327124
213942 93313 194288 316932
-395882 -78453 898508 70387
248437 -46229 564741 196431
-145383 724939 342093 551824
783647 185939 323804 383061
-93794 -8829 325343 814441
261679 -629259 476755 625172
-996680 -570380 496376 950612
-12467 14245 42031 336580
-606867 653887 426881 491507
586834 626714 147913 495080
-87805 579136 147169 923923
-579900 978663 221590 84403
805366 -602846 694196 48560
388571 260919 298461 812249
-535702 410074 131591 757726
347199 -856196 577525 938532
591408 362069 435792 249659
-817059 119961 929817 844677
-956546 278092 336333 641374
116207 153943 991583 594584
125724 897361 352727 502604
-854876 -327567 655368 489403
-948438 273018 788726 775375
308747 69297 998672 17502
-97510 -200199 940467 727726
112087 -470770 742363 226447
-938538 524189 652267 781887
967726 -213747 752134 900322
-393505 761793 403335 847637
713407 779181 292260 260857
148666 932733 779025 371972
-523613 577744 200918 53666
-112343 50539 902891 239993
147507 255005 546586 396796
-303673 670695 220215 76495
137582 89636 779037 474746
38755 648523 243076 295698
-300224 -789935 158441 693717
750919 800463 304709 97511
821970 135959 287098 883493
646825 231405 733945 881991
-122433 632261 885078 863843
-105740 648375 46138 175314
892688 446873 844053 699788
260312 -273221 27560 557033
-361540 145212 508891 517123
441848 356348 88657 792278
-745710 60617 649486 340850
777015 -994378 924476 154673
-787190 -241790 431555 810442
278008 802012 753866 473237
-776112 -864123 678842 1088
-721897 72330 215751 328653
345476 -706055 253865 54075
-137826 -540474 672263 133636
88772 -909808 785955 745525
-305129 563505 79701 564879
55569 -652330 800171 916904
793642 864122 561063 695499
-22953 715779 49967 44273
817950 -13938 445707 439772
347111 435081 639598 347507
-426815 -353974 607237 817020
321442 -449068 343699 930323
-888988 -731105 132891 337755
535072 528658 306972 153244
-867579 513146 976385 395551
231166 -874285 218142 883591
-427004 -615859 687186 106405
-401960 358172 717422 732656
-673593 891950 145466 334056
302247 337476 662516 757187
151284 886723 319867 117362
986828 819456 566184 939889
188582 -928829 440066 960101
96798 -327451 46505 933150
342606 752999 465655 497104
460596 -761548 584264 182058
-117706 875264 280033 629416
-693816 -78173 440742 830868
800925 -530688 620012 403072
866594 494111 448584 723984
318324 -329722 126003 145813
523596 506973 957299 131122
-332409 -64284 980987 25043
413158 475791 699640 226200
401299 325390 514014 997021
37471 -126734 569868 717506
78608 281650 404617 348819
-802601 143580 324546 56640
602423 756788 429499 917819
-590814 768320 799166 837398
677807 64399 563370 75943
797034 -710741 917586 771561
-280616 230656 469625 45737
-335127 456032 501338 270805
247589 -553801 79980 131658
-750437 -803584 436613 603400
37035 760279 499764 975273
-88654 672707 493614 461316
-785759 -722092 497291 678356
-267689 285465 966570 247647
892914 873453 278252 449881
517050 -763018 835285 19324
-855346 699252 94530 421092
-823897 -177350 414373 70943
-411435 -596965 405611 558089
-360344 -769810 866028 358240
-989395 929468 623192 454285
-920601 -255300 761683 69115
-129139 -657175 540241 682990
349014 286533 841835 428326
305273 2777 491333 368653
312332 -80480 19178 193328
-577789 260470 700560 296020
489722 173297 810565 674192
608702 -515372 14269 725012
875289 733976 621171 423862
-858477 -288821 118487 85709
-409457 880268 29718 626158
-490818 928610 142072 202786
281926 -271157 168650 289237
303597 -129220 317693 50854
-118718 -570001 919706 887842
-261400 -995369 408041 697279
402539 600487 233367 232187
937598 -971139 505616 48365
-707970 785119 618434 70761
69141 -721478 986636 113350
-591431 134928 861735 190362
-565400 -4699 170669 272097
-564147 68137 84627 246594
-982701 -401559 560497 213363
-110844 -821223 127838 468967
340149 753771 814713 678151
684828 -672779 335172 50363
-896838 -62879 19158 989702
14446 257997 903607 338370
355456 -343494 462349 599680
-937581 725451 568959 876455
521393 -511671 486500 843134
712042 -821293 172724 76163
-822495 128080 466636 563287
-108955 856053 367962 544415
-792383 961315 690787 336697
723992 -739990 832741 422533
-911813 -171488 400998 537961
200888 998634 169305 154862
763113 -863369 340856 513187
-677077 -68883 104790 741763
-568021 931043 699218 371016
-440271 -400091 146669 78707
890230 -234341 73279 189178
322703 -221408 944897 366165
-196689 -924192 199857 877466
451355 -582397 381353 855634
123062 -345246 835620 54272
-469611 -796611 343966 527465
790637 302959 664130 981723
841909 -781814 155527 749649
40763 211057 578010 22955
-611067 -174702 743002 39330
979491 225801 35995 171863
-630018 -978059 369619 225686
-630379 885062 456559 893750
366915 -970603 346463 427586
193558 -995246 704729 939096
-722061 -571260 305464 991919
942188 718957 78431 968388
-164985 -349559 777584 185949
-963038 325801 902866 217947
-175471 -437056 248796 393929
410202 125259 742872 439696
655244 -639502 566527 772083
826396 651924 842327 99786
-700263 -263872 279381 826141
598922 -772369 628609 717246
173394 16936 59285 980351
-629602 -456522 252128 414431
486560 380091 174421 613997
-764944 836293 3579 632095
-989689 -352781 90128 707446
780533 -67575 784287 437511
297553 691611 741342 958490
-754331 897965 6481 673273
781864 -305647 133891 149114
-318874 380975 577931 889992
688853 -915195 378126 728769
-563700 49629 666673 790243
875901 -108325 158016 365465
148370 638351 684111 431340
832998 -963844 597467 358311
376505 -376520 478189 933995
-530667 413908 887547 879850
66488 -651475 917178 770738
535337 493508 157034 117366
-45067 -256799 144362 470342
-804054 -282818 824443 291107
165986 -595268 526708 392650
983470 329381 925340 753552
387407 106048 785295 39339
977057 8912 650566 100806
-204341 -60545 886460 429514
-624773 -827621 605091 926718
-9389 243837 626546 821203
-865591 -29906 513998 246412
-842945 -284373 592670 623815
-399925 -377525 459010 612989
236431 -356209 846956 115822
858274 -712140 967991 717789
-998086 17851 105558 964485
-923917 -396575 49287 116180
11920 -416212 259734 285136
-204094 -695743 233964 663337
-103598 392763 11667 566445
-700975 223965 231484 523964
332484 -809161 565779 58520
678407 -704287 79755 769039
848782 278278 314592 292982
-695546 273624 34439 284717
-87647 313240 462211 855900
-532494 713921 942532 602986
289136 -258021 828444 907392
64283 908171 888169 47303
-52636 -245527 514678 999495
94856 190547 124594 519007
-730332 242311 189963 26193
474398 285263 269850 690147
467707 -210486 779562 704656
468012 -43469 219203 365813
32756 53668 237227 496665
-499927 -649738 414658 889385
111992 -110603 197260 166696
-237288 -480584 254651 392181
685235 971733 522775 691614
-949793 169351 223082 536593
289414 -832359 541890 159956
-166584 -558247 275544 16041
-522740 -288904 454531 807027
-173562 214055 35414 506081
289806 571591 486762 576476
997555 115948 212390 927559
-132850 211077 762551 281020
-175849 -476523 252817 311005
-652916 466789 273849 59983
197880 865439 921229 814236
89689 -796535 37321 598403
100800 800917 871137 34545
934461 622998 470239 72261
-801475 -780537 48579 335727
-11939 629300 335143 370767
