30.537824683733721
36.821677535234365
24.753949820931687
18.725327474652573
15.609447988250787
1.495341181405684
23.775900955555009
5.926811004647643
21.105712921792882
8.344416868249144
25.979823661000946
14.336373837642327
5.735546948258067
16.330508417828081
29.370542973254643
20.931996639918331
19.895126851458691
28.582894696334684
44.189895636967869
47.214347471037541
22.743533065191151
25.537471672417112
10.629924455357118
6.415038376923476
11.552063546157296
5.704986945732951
26.731211429469642
16.355906821869077
26.646039152005027
24.506995747859794
22.829369633786687
29.183611834509527
7.487394380376723
21.977090466746262
2.118444867287623
26.183749756391837
29.768210481106699
24.969664951674613
12.843728997466185
29.876806474696000
9.113188507899808
24.801211129079306
21.407955307262462
7.938291258474955
22.677172787727425
8.913408122979284
23.928157421038453
26.371019859208928
-0.000000000000000
26.983779874130207
1.073269279021461
23.432344627986524
30.059237023495616
61.779907709067857
35.836060843628722
11.002063847387209
20.619465620888423
3.162224734684640
27.615620277345830
21.416031091120431
1.816022522481624
26.755328896697449
19.843037554665326
24.550611673039075
20.881814360446224
34.864666577311333
28.923617518432653
13.933836177083414
10.762143258008171
17.993401861098629
2.155458670550586
7.436086191738342
21.084519379279669
19.640454032572521
16.295997438381679
24.642316113801080
38.703985882404602
1.627440950132957
0.006072388827008
1.513796408868952
52.762734706068471
34.512987649916134
18.266866970954904
11.593352935392479
11.338276503949741
21.720428063431505
33.143636828483800
31.315551739694751
54.437255361333442
27.258846208321671
20.852523872078642
28.630570609103302
2.400409048475337
13.663739130613664
31.157426202631758
24.122156634186016
22.405424123497671
18.659984254546469
3.237754268371256
25.793883516407384
1.720058234946936
42.157065744612829
29.696082432922129
22.959253914778081
6.302699347465429
26.920049923098080
26.569005357954200
24.078959445484827
27.136603392830303
3.421807033223330
26.671700072346837
22.936316249358097
0.905555232403512
16.112249623804640
20.646582141835307
1.988335975588070
38.328672289007592
10.391252183944852
40.267715094882043
33.954491926179521
5.154737989026605
6.847787749219683
0.843305399126165
17.789928131637605
77.663611309914032
3.189873854753913
27.972124253417341
5.603942278964207
13.798332123521760
6.150434215619340
0.559448258834017
23.293889053851316
2.415628847176122
34.381885917919760
24.559148648371259
25.426784193927134
4.849695146098438
39.362099451782179
22.683112627290161
21.501438206571407
9.508325270915806
12.445269098876013
20.004821948499512
42.584348283293458
26.789686157917718
9.835814809209168
32.090294560464272
2.911286677981041
21.177681327760055
1.453018845488661
17.106606503095591
24.631886921142144
8.696246301240738
3.554724112096169
8.805761779849746
2.368695513247716
20.645661298983583
23.705636186520493
19.006086089449219
15.522622318274429
19.074989338341755
9.345095459830508
23.036749711622491
12.536362211215630
3.198356695134443
24.507392016583015
21.826001559873745
0.220961499219164
17.964072375526282
12.621091548389677
25.134446482037415
24.124994942826383
24.676469840126497
4.830191497929619
7.370370083056679
21.290686023812054
59.426264589992627
20.878903124707307
11.658442891953582
3.452703228760410
39.669813119161347
30.901134207946853
11.519197932484884
24.577736535293482
38.223094563498250
24.223057369625902
15.324863346703490
26.618525386718172
18.306013600615643
28.035243863570724
5.946364047346400
27.531770038079419
-0.000000000000000
24.744661923178477
13.414482693724512
36.479767503964624
11.742627560745150
2.176186890444389
2.493709296077883
19.551699511743273
30.240919518825145
23.301782154553909
20.652883495173565
13.642743751448892
24.881401807779284
37.072250099893942
22.769164603618151
22.646675625804082
3.589118090324872
29.411681572830695
31.626861912864452
3.836287237474596
27.340822341095404
16.646737527490085
6.884884057607606
47.348323022266278
18.115602132732796
37.453346192778902
27.515075933491726
19.674182719354079
21.604431051900672
15.527476506093482
40.191229272258717
28.793449108162704
10.933506766689865
18.040238057055358
19.118745190623276
1.139380149925076
13.362488451399633
35.126430451511190
30.255116150188989
24.918899880862469
3.014824181753654
29.070504914842854
14.333506008160249
1.098702524162914
20.239449082878060
24.960678752072418
31.424781373189436
12.045329584653366
7.964025389164069
24.396240169686745
12.949815269188957
16.717833114696091
19.017517960756795
28.927413973093127
1.964467346583854
37.956885991729671
71.652118619079260
21.031335724682616
3.611690309222130
14.948183692992284
30.571166369067946
24.005470808062636
18.451446351116910
25.156363071841700
26.985286915981906
5.319672774406397
32.356323381573993
2.606776829678028
21.115111034338415
15.729892337786831
0.560451316414496
19.069934918777307
22.306860362309692
27.075482183396236
19.427882433108788
23.982559829478568
28.295307017797665
-0.000000000000001
31.834934065552961
27.522269044346814
21.492035948234108
10.441332700421150
28.437286427759183
15.901334146618387
6.444575029585552
17.123755448356906
-0.000000000000000
28.935582883978231
11.238212930907803
24.974789749861564
38.255110075515447
25.365185967388815
34.386392266474544
8.364681742906257
10.153982703367443
0.000000000000000
28.767237139287285
23.477705018959469
0.649252646581075
2.013119185383121
0.411473750854132
0.000000000000004
17.644237041449074
22.588072765784791
15.173610640915514
12.618595823307034
29.584390487312433
2.730861468042750
5.808954895925036
24.514182866714620
18.563661748651224
42.729133824780249
26.746849483292316
22.464253124755921
43.355170740740704
2.607677106090923
10.535821042790438
23.027376568891686
6.437619551439866
21.675597840709390
0.419627717338644
28.767904378229403
23.347295411606268
16.630139249677207
26.654935150193555
8.573257105740295
18.783846967515530
33.885199560970406
3.131542547930057
22.228779465034464
9.734302741820850
30.642954507890956
0.000000000000000
51.820113657333643
22.181548953170111
28.397582349976481
6.066757384554184
11.242719093643846
19.725336287060486
29.818567608768053
24.050987219918618
18.997273052844573
0.133845133169111
29.189574139693782
6.954546321304353
31.323287960441053
30.810808621237019
23.038704170119157
16.762607917902010
23.196228559795028
22.049443399077010
24.326540171269659
33.077949271034306
7.946688658045169
18.941785514303998
26.349340267248795
79.995001507592718
35.616721299125338
0.202568993068073
16.385192283632371
16.331139439684780
20.451561148022300
23.639333185261798
14.681510547280352
5.846110344421117
28.570858767463019
21.947308283739250
10.489817120469505
28.291626611371111
12.354069341786154
0.424578010104968
20.577167510627408
20.562411537344278
12.469727706874583
35.030109317697800
1.247838264467424
19.932440782565045
24.199862104535651
19.281313301344557
3.529412159202578
26.649468623068401
22.184698021333883
22.817678345514977
17.394249402364593
15.578886708835821
29.095951528935895
36.792528674219405
23.661767727894667
20.396658580588632
26.069914956479042
23.215512964415659
12.063965322711329
24.976385920436957
11.415099881059406
13.621909799442525
19.347205988674784
21.633028339132991
28.536324685371373
28.124974589870678
14.264244390020025
4.035689651611408
19.685973416198081
11.668907599257833
15.056328068066572
26.493629326034696
0.000000000000003
17.995276903127902
18.711427222811196
26.194728968252655
26.435194941680013
2.426205738919596
24.293653539810013
22.337067998885779
13.583081342996643
1.113588754338460
6.751883940471203
29.740218149915144
20.545053989149618
2.735492082993207
19.760535902793862
22.399873386277708
7.494453978006510
26.886070258728303
12.817630835665824
3.631351158272738
51.972509932940454
1.753808897530383
23.823797723826129
27.869964429411922
19.165767680332831
25.303015459832942
39.598610756141234
23.792859615130709
23.279931787616420
28.017842188872883
45.594165450630207
11.372330620879900
22.697736680323018
18.477581095761277
9.401067529215624
23.022658061118634
5.389903689139898
49.527787308446257
21.817006306379298
4.631845016961156
25.159626776959822
10.294984755371729
5.857491339903642
0.799105808512099
25.144383293415949
11.583074690858011
16.862826213553664
4.661780468695361
25.572662605468505
13.859453233581585
5.937775166236668
8.397083964244542
24.250258367980656
13.495874209571316
0.012696856632904
20.028002901715869
27.920786804997451
26.944563727576707
20.565399548678567
15.642418939739816
23.590633418241943
25.883366215771090
22.749941998329192
0.000000000000000
1.738243682085252
1.623572156703500
20.286926229253879
23.415955839325957
21.885845699016954
17.595135320663445
18.707492831083627
2.708039558036382
27.166275950716173
25.170083009296444
2.216561184389282
4.069487503049000
6.177798406245349
23.190933884303327
26.143637773675433
19.799882373224282
21.089138148750973
1.396781791858999
4.665989749471625
32.490933982737253
24.403620726268386
27.521090427784625
24.457166932854673
21.824376822503222
23.403383610185053
0.000000000000000
30.303351067500127
41.621187886346554
0.000000000000000
10.386720243474819
26.971292979006627
24.042059462355045
24.824175447652916
14.237869481950353
30.807815465586550
19.068047150308555
7.695306565015508
17.925921829658620
23.568415366029736
