500 1
201 0 200
53 0 200
743 0 200
-639 0 200
636 0 200
-735 0 200
-398 0 200
327 0 200
375 0 200
904 0 200
868 0 200
-15 0 200
890 0 200
580 0 200
654 0 200
-351 0 200
-456 0 200
-528 0 200
518 0 200
942 0 200
-84 0 200
531 0 200
934 0 200
-19 0 200
-321 0 200
36 0 200
411 0 200
630 0 200
-835 0 200
815 0 200
187 0 200
735 0 200
267 0 200
-791 0 200
259 0 200
-728 0 200
727 0 200
917 0 200
-350 0 200
-230 0 200
444 0 200
505 0 200
972 0 200
750 0 200
600 0 200
796 0 200
-701 0 200
-414 0 200
-180 0 200
-330 0 200
515 0 200
68 0 200
240 0 200
913 0 200
893 0 200
669 0 200
870 0 200
-982 0 200
835 0 200
43 0 200
-693 0 200
848 0 200
-890 0 200
222 0 200
-685 0 200
820 0 200
682 0 200
100 0 200
156 0 200
-896 0 200
318 0 200
-747 0 200
-719 0 200
-586 0 200
-570 0 200
228 0 200
751 0 200
-173 0 200
-53 0 200
443 0 200
-563 0 200
-76 0 200
314 0 200
941 0 200
-981 0 200
-582 0 200
-721 0 200
-829 0 200
899 0 200
431 0 200
-341 0 200
840 0 200
-694 0 200
-973 0 200
509 0 200
-817 0 200
44 0 200
-234 0 200
277 0 200
112 0 200
-247 0 200
-745 0 200
441 0 200
571 0 200
110 0 200
148 0 200
-296 0 200
-825 0 200
997 0 200
379 0 200
-211 0 200
-301 0 200
-950 0 200
-844 0 200
-169 0 200
-15 0 200
-510 0 200
322 0 200
953 0 200
-885 0 200
367 0 200
-276 0 200
954 0 200
895 0 200
-766 0 200
-18 0 200
-753 0 200
-591 0 200
-295 0 200
-913 0 200
983 0 200
731 0 200
-259 0 200
475 0 200
328 0 200
255 0 200
173 0 200
678 0 200
739 0 200
-884 0 200
-339 0 200
-358 0 200
-595 0 200
515 0 200
573 0 200
-470 0 200
749 0 200
883 0 200
-247 0 200
-197 0 200
27 0 200
985 0 200
-158 0 200
-416 0 200
-567 0 200
-838 0 200
-701 0 200
980 0 200
-822 0 200
-418 0 200
-734 0 200
463 0 200
208 0 200
-50 0 200
460 0 200
-69 0 200
-369 0 200
835 0 200
-908 0 200
-885 0 200
962 0 200
762 0 200
-383 0 200
-482 0 200
14 0 200
-153 0 200
-898 0 200
168 0 200
214 0 200
991 0 200
-487 0 200
-454 0 200
-59 0 200
-985 0 200
20 0 200
-291 0 200
74 0 200
-763 0 200
101 0 200
666 0 200
-70 0 200
-856 0 200
-445 0 200
371 0 200
-779 0 200
-964 0 200
608 0 200
557 0 200
-288 0 200
312 0 200
734 0 200
-36 0 200
-721 0 200
255 0 200
16 0 200
705 0 200
143 0 200
177 0 200
-146 0 200
645 0 200
-751 0 200
-853 0 200
464 0 200
-996 0 200
-614 0 200
-876 0 200
-943 0 200
309 0 200
-935 0 200
-737 0 200
610 0 200
-402 0 200
318 0 200
-87 0 200
875 0 200
645 0 200
-977 0 200
33 0 200
-912 0 200
686 0 200
907 0 200
116 0 200
648 0 200
-965 0 200
775 0 200
-886 0 200
-226 0 200
117 0 200
444 0 200
-884 0 200
-334 0 200
343 0 200
942 0 200
196 0 200
681 0 200
148 0 200
491 0 200
276 0 200
340 0 200
691 0 200
-895 0 200
-900 0 200
744 0 200
1 0 200
182 0 200
376 0 200
864 0 200
530 0 200
855 0 200
-655 0 200
-980 0 200
-39 0 200
-184 0 200
223 0 200
844 0 200
-517 0 200
529 0 200
425 0 200
791 0 200
-595 0 200
-148 0 200
652 0 200
-178 0 200
468 0 200
-678 0 200
-259 0 200
-950 0 200
-442 0 200
531 0 200
263 0 200
433 0 200
-844 0 200
-613 0 200
-706 0 200
648 0 200
-624 0 200
982 0 200
-569 0 200
535 0 200
193 0 200
-4 0 200
-79 0 200
318 0 200
717 0 200
-841 0 200
-108 0 200
-572 0 200
-987 0 200
392 0 200
902 0 200
-411 0 200
870 0 200
166 0 200
-835 0 200
115 0 200
749 0 200
-360 0 200
-684 0 200
-785 0 200
559 0 200
-722 0 200
-842 0 200
-384 0 200
812 0 200
693 0 200
786 0 200
-414 0 200
572 0 200
49 0 200
-977 0 200
-356 0 200
343 0 200
228 0 200
720 0 200
-74 0 200
-458 0 200
-37 0 200
-74 0 200
375 0 200
310 0 200
604 0 200
-48 0 200
70 0 200
33 0 200
-701 0 200
793 0 200
-776 0 200
-583 0 200
-878 0 200
-972 0 200
457 0 200
-942 0 200
-789 0 200
-490 0 200
-561 0 200
496 0 200
751 0 200
-382 0 200
-48 0 200
-8 0 200
674 0 200
-832 0 200
-310 0 200
593 0 200
-312 0 200
-253 0 200
18 0 200
97 0 200
-60 0 200
261 0 200
582 0 200
-722 0 200
83 0 200
-192 0 200
-712 0 200
-721 0 200
834 0 200
-982 0 200
707 0 200
-155 0 200
-692 0 200
-683 0 200
-108 0 200
-205 0 200
-36 0 200
-666 0 200
286 0 200
873 0 200
-246 0 200
699 0 200
-926 0 200
354 0 200
-278 0 200
-193 0 200
-938 0 200
279 0 200
-734 0 200
-309 0 200
-71 0 200
-749 0 200
-877 0 200
-685 0 200
-566 0 200
406 0 200
974 0 200
27 0 200
-134 0 200
230 0 200
-110 0 200
824 0 200
812 0 200
623 0 200
947 0 200
697 0 200
747 0 200
-750 0 200
724 0 200
-858 0 200
243 0 200
-943 0 200
644 0 200
178 0 200
955 0 200
-391 0 200
-492 0 200
-237 0 200
672 0 200
21 0 200
-628 0 200
-137 0 200
39 0 200
-425 0 200
-487 0 200
-840 0 200
364 0 200
278 0 200
-48 0 200
-536 0 200
331 0 200
981 0 200
725 0 200
157 0 200
-333 0 200
910 0 200
-291 0 200
530 0 200
-114 0 200
140 0 200
-95 0 200
466 0 200
-389 0 200
929 0 200
794 0 200
-838 0 200
216 0 200
-244 0 200
-106 0 200
-188 0 200
825 0 200
-888 0 200
-211 0 200
-677 0 200
-198 0 200
482 0 200
-459 0 200
339 0 200
71 0 200
637 0 200
-951 0 200
219 0 200
365 0 200
775 0 200
-768 0 200
-259 0 200
180 0 200
228 0 200
-785 0 200
-845 0 200
715 0 200
813 0 200
-436 0 200
498 0 200
-455 0 200
-179 0 200
417 0 200
-443 0 200
-360 0 200
952 0 200
-318 0 200
869 0 200
472 0 200
-135 0 200
408 0 200
-714 0 200
-483 0 200
-69 0 200
-845 0 200
102 0 200
283 0 200
-664 0 200
-876 0 200
360 0 200
-470 0 200
-934 0 200
160 0 200
144 0 200
598 0 200
865 0 200
-684 0 200
573 0 200
-2000 -2000 4000 4000
