1 1000
987877 261314 468546
784128 286092 673270 236934
-419468 -382050 272498 93465
-861976 108143 960382 21212
-826222 -333321 670651 461816
-199824 -25284 940010 240225
-69355 -101449 941889 428396
-344451 463559 243349 450854
-696982 70753 839806 170026
492064 312439 292733 467940
-212131 -321628 632826 233107
675505 -289208 268333 17050
959983 48504 766982 453209
-988437 -39355 680474 362045
-222501 6520 728219 97518
799247 128096 650473 429599
-757909 -98903 388013 206925
589509 -285892 765871 470545
121865 -171893 607520 313669
274009 -286898 886107 227032
-357235 69122 428978 214368
-72950 19588 865081 423783
-841941 230020 33088 244737
16 28206 325356 125808
658079 441577 542778 223500
500300 -145460 34761 369695
-419903 -201340 477194 133606
283062 -10714 564107 257039
-466643 281447 574224 142726
-926914 70466 707807 334538
-933996 420885 22879 289143
723493 304100 395238 358491
-803136 226348 406988 185012
378165 172286 372860 423733
415795 -334864 261958 423381
119472 -395001 879647 395717
737904 -79882 938112 386145
-436734 -465246 47842 104180
-599068 -15408 392999 325425
-11645 73911 262681 252228
-187393 68955 450141 165113
530230 290523 823523 85627
631558 333555 551203 163178
101615 318508 527400 341285
961828 -40001 175415 404263
-477435 300541 443084 22311
-308709 414340 655332 245921
181732 492955 224402 347661
121121 162589 141425 429973
-518257 375249 380125 12036
896064 -479616 356370 164711
651500 193830 22934 304436
621229 210940 657991 376940
431807 277171 955669 8485
437236 448489 411957 476044
364792 -186704 977313 170053
-617003 -159867 721320 111169
-845739 267899 983078 39142
-212654 309558 892392 208340
683317 -357005 70212 496827
149930 286149 22874 26008
-594047 106172 675928 242739
359491 -466368 401473 433941
-868284 319994 473896 252452
-278916 -293797 712764 34407
-645799 -255398 502383 495667
206714 -411293 517376 155325
168700 201327 234656 133437
538985 288212 918861 42213
-260512 -443807 997195 95632
1896 161175 10494 333872
-469758 -474037 299799 347503
800881 -275659 992893 419780
-926759 81184 684022 53612
-594922 375739 250504 198592
-431992 407792 532514 192325
19624 325684 747012 401765
-283964 -186503 499817 463682
-802514 -382554 761423 100203
-141683 468172 702088 253455
856283 116509 884202 226230
-877792 -389473 270845 360631
-476216 413202 685400 109353
918061 68908 58369 207886
-157536 411267 744261 182167
-174094 -65043 422815 486915
-610407 384067 822782 180224
-423193 -10735 654324 452075
728013 125124 858573 303187
-855383 39762 613500 172069
-958487 -277426 412989 182284
-806383 65119 161666 264608
-199411 -226954 970627 216915
-680130 310442 72744 409062
395316 -166178 178886 259326
761713 299782 113706 400302
-440419 -228514 413214 204673
372834 274695 951214 139887
184957 -369880 186714 361698
802137 -156350 838835 287974
608073 73200 476620 239339
-991585 -218000 545424 178261
852787 -317415 170366 473474
480190 426467 39105 230171
90579 498891 908001 346277
849740 344086 515205 467823
319941 -155623 772641 457984
-515197 -21701 162754 494777
24272 -330659 84596 75370
-209798 -126362 295726 285394
473011 116302 909300 175126
-927157 90408 206354 342030
-592212 88433 930405 198991
495480 3853 401171 41836
270115 -440069 752666 89698
-280904 193073 48789 437752
565680 418540 616922 466497
-997868 -98992 806678 399595
58959 225275 296868 397963
179207 75257 367722 245178
789804 363724 816678 76290
-556396 205944 503704 291389
609918 312410 301404 258706
925064 427575 135883 295935
-666020 -472564 43612 329974
821830 429619 738786 461006
395884 -192133 768526 196874
197544 -101410 270174 92116
721602 -151071 539463 343665
800071 -423647 271253 257616
205015 -108164 111209 1701
80969 -319338 469325 227793
682163 275910 722423 21064
765137 269143 458727 143916
-519639 -263667 242208 251732
-674033 420028 237983 261260
-689714 45446 512492 382728
-713912 105118 206532 148207
-563049 -156228 169049 238456
-487727 -154003 90918 345529
49517 283897 8111 265557
557056 463410 662063 441545
-573215 -209189 722907 158568
-619399 316351 225636 2658
-970216 405351 464 309380
264276 95958 708605 57938
-81893 23454 183418 115611
-541829 -137407 149039 486795
771752 5067 548439 425050
623536 -205190 217566 420483
756588 -429608 879551 425758
-935907 -404505 390852 491107
-134083 -190379 105764 432485
-977462 -474610 55429 192721
975367 -96497 308647 291306
-81148 15178 629046 229650
107998 -340290 578541 171035
867055 -122228 368875 76444
82206 12906 693761 168914
239997 1643 92414 210448
738435 -162831 68971 299721
-676908 -57018 773831 363665
181011 305587 748976 267287
735381 426712 155337 322204
-176624 -82209 738918 172488
467503 -368940 701389 244280
372781 -294562 382727 364659
-113883 339662 189076 370120
133305 177832 851423 371185
-126464 220862 564159 410162
318583 -254412 645538 9159
-692228 8839 937001 65994
579982 -437440 212721 7676
-954512 334623 568513 470922
458156 488737 181556 496236
50594 -378061 879240 101745
8765 -352759 997453 229861
-917892 -82032 242840 416907
-918902 -13332 634016 196073
-464992 -5042 185360 17474
943539 205052 686036 303626
-946683 238405 365129 170886
-568966 394451 142357 453162
184732 441044 608385 313309
-707475 307752 361762 98146
995914 381624 330906 51453
-348961 -114889 857001 401171
-27639 401856 431730 168245
215659 175723 418601 381526
-643925 488772 518922 274441
392974 254434 935565 475346
-340648 41175 755848 484686
-454308 261984 266879 105756
590027 166826 732180 378095
-773202 -375623 817323 499915
131322 224390 768932 298881
300584 297093 658546 200072
848819 150701 331078 99889
-44594 -14460 349640 3348
-940886 -357214 546093 432025
824031 350210 120206 463751
-415859 463687 216919 412014
-258972 -364772 556633 402400
504913 -240692 9296 42044
-408751 494540 911279 187900
989827 330571 576298 39177
-263001 -411482 170118 110989
-351574 -336102 17543 64595
379567 -35631 843531 447526
235605 492453 121014 446341
-561761 290773 215503 131601
473227 -86763 84020 386377
-24945 -162955 419277 287056
-216189 314390 936163 262445
913874 37016 351781 35151
-700641 -419939 793040 190856
-669131 -279021 533188 148977
-464421 -430493 826753 490004
542205 -130544 86186 388140
131923 -145749 913493 488786
-412528 -4325 180689 235809
-227165 -486997 358916 354164
601683 96037 991998 52170
22352 -163218 5776 279625
755959 -451269 71346 75478
953311 -240340 339356 499262
-429763 475393 658318 205503
156502 492109 60672 240551
60636 -91477 660182 130336
-952980 199765 441539 164644
-733482 -429003 558665 345052
-875535 -288274 816618 106854
488168 204536 503068 8697
412932 58162 11435 274736
-296771 -25175 375565 65692
-677011 -480230 405824 302244
643661 -95011 945630 421453
344970 -137845 128371 89291
-410498 30770 95247 49764
4786 -143696 469986 181334
505926 395822 786877 353276
-407055 -141759 990333 269217
-505159 -24107 461309 13030
-356743 411188 82500 489477
115710 391272 728662 470178
77539 260151 655103 74392
738306 263766 656179 348049
743338 213473 835512 257683
302869 221159 784314 362354
507566 341321 968099 485588
738942 -21247 809843 317070
40953 -244574 133428 300343
-296787 -399831 206025 251627
416735 3600 70338 237641
114756 -249350 86012 142265
793859 -91806 311658 84883
-134865 61684 799774 70796
297024 186002 252167 381100
-984100 -93004 558016 206574
239976 -406662 871816 302142
732672 477104 151795 23202
-487247 136353 935855 175966
908009 -370217 476342 342411
-78137 -340297 138554 346752
723160 -248526 360426 307137
802109 -306790 23810 267287
-217050 473026 165162 489675
208955 -441142 153957 261482
-219040 -471119 543873 181475
519977 -14977 786807 98581
-51944 -167898 325687 121778
848069 -157375 890421 484490
717088 -253760 394714 314700
-737670 -76489 520570 219402
-65829 -122878 891561 417522
381738 35211 319109 463835
970608 -251363 57728 23124
799362 -409211 437214 116115
-392054 138891 606681 414034
-452601 8067 498521 214987
862720 -340114 389567 61201
896106 -28168 501371 63313
-709970 -85628 145442 278650
-777798 -124687 536655 323286
-359128 -352487 583757 470670
-803398 9678 457395 68480
944937 -173396 303749 320328
350416 150838 558700 244076
-274815 284847 907358 224196
966510 352813 783334 320017
249648 485935 198140 480188
-54048 28374 201963 312142
132869 -364987 586250 406795
903033 394546 570176 47962
-226480 -219552 430897 262992
773706 -371761 204334 65072
494265 248873 831234 463694
-572190 -89784 958619 441265
-668634 220777 874431 85383
-908850 -305519 327588 250205
-282306 56511 444661 301148
-720846 311565 198937 100414
-227789 -455909 807044 426496
-770189 140339 476136 28135
294802 -248236 328898 226226
-762077 13423 136467 89493
818002 269494 673987 293347
441226 246517 606736 380144
-217784 323352 946188 295093
64015 145033 869558 287462
-664162 -191260 105965 181718
-628734 -342401 847417 17942
-981285 -256694 101658 192333
577324 -343884 596467 266859
-685704 329872 659997 20374
520535 -107485 671058 308309
727842 337423 517113 283721
-893590 40965 121103 439916
717004 -171644 247506 255908
759035 -208537 976898 387881
-528022 -487148 688073 390299
753484 -270676 782198 251228
367991 -105115 791099 482091
209491 100180 707024 211385
790449 181345 588700 412453
-656712 642 677756 195736
326408 2593 453368 146243
-526062 160204 597307 259830
-386903 296893 740757 413389
914207 329110 894378 485497
-448202 115561 941996 115207
767804 271897 635793 298295
-143762 -14170 250724 31355
346761 363174 530542 228784
-692550 265850 590699 366721
-943189 -339275 463935 84180
594937 43540 302785 289808
-877980 139525 2086 219
67226 -397379 138412 191567
-300739 194902 412241 8238
676118 -128851 974300 19521
135391 232765 494677 89667
-13956 137020 307913 197173
-948064 191823 717375 212370
-337902 44303 710870 172554
306718 -19482 732175 174205
-240995 -287673 185099 50910
210913 -182333 896145 497414
166124 264111 875614 118108
451195 -333142 830470 241265
271671 230575 955588 437362
-11734 -287766 223916 240296
-111570 372231 847104 42527
861834 -246941 631202 1910
-844454 494558 855856 483017
-303133 -66506 835643 47326
466768 -387807 4705 118093
72359 207092 634729 398343
-16071 192089 560858 404835
739152 375614 883583 256392
373699 208784 376641 496781
633023 167673 335490 228542
-510566 -233193 786286 101106
-975512 109641 362273 280864
-187325 -362160 3853 428569
176024 390798 444411 137857
651635 -394093 881955 302398
-998808 -381035 841643 69325
518737 247381 658031 307493
850960 -314017 177332 277873
489884 447410 526917 169734
-653408 979 808962 394223
-954644 153937 849453 97865
-206624 325021 109305 829
588549 -11402 167335 193533
-94587 -335759 383363 49801
-826379 421435 385754 347300
645311 258749 155517 109570
-370324 23537 634623 169910
-278246 30871 436844 468062
-925381 379684 676938 45827
426745 214895 431935 396408
-626242 7679 959016 206816
781956 -239545 771176 81639
-637920 -180933 274322 403115
681398 -482226 949101 454464
689241 232922 693448 115846
220321 -311451 207909 318725
-118312 48653 320336 207346
-856300 393669 667311 128218
415778 -77104 238924 207641
-668050 -106772 901381 476509
404506 258465 896818 168424
648565 179321 287804 499096
897795 254460 606183 92479
-227507 248844 876335 202917
-615839 -108284 849884 99455
-78549 -441510 478019 196595
956632 -174177 771371 371160
494594 -424547 443238 254349
538287 131388 303286 470721
-965777 -345963 620996 335119
-276899 -254511 581475 487247
-504242 52954 888583 142369
-559254 4237 17325 305447
-759279 -311116 714994 288138
-57311 59284 401075 396676
104209 36416 234745 307374
668308 -362803 211431 180312
528287 491339 654427 74293
-425218 41900 906754 397147
-530631 -196006 417545 225663
558767 78484 9863 417668
-201884 270524 886223 123843
863886 199160 440635 456073
-319452 -159546 356810 408787
-788960 143552 27069 381071
-70052 -240349 460117 314404
893579 -413152 633173 106586
-53778 -34813 473979 496450
151834 426359 267552 247407
-240197 492030 839650 208315
-89141 315106 631113 125960
158600 -29568 945777 156642
-375021 -276013 763630 111191
544754 -169883 970992 138862
-144186 311161 726253 428145
-148154 279170 522582 61667
164460 121553 538791 166167
-769033 73058 755128 261405
100582 -51304 29131 227365
704354 -12792 119608 490267
-36007 216634 711700 345871
-204579 468870 233533 411861
-338219 61430 584822 149270
530614 2880 56706 42283
-110868 -342996 269539 94964
-523235 175017 59003 177324
-156952 -58635 105607 340252
-645973 -219682 761204 286803
346988 -246594 524586 299628
-602504 -263193 231145 40547
-968379 -167277 970520 29779
-898345 179464 361700 374686
-17536 -221088 408137 115950
626658 -489883 405937 25585
399885 -6513 464168 278249
-901462 67532 457943 462896
-19939 26440 999543 333423
-179956 -169014 90849 5956
335415 -316040 940540 188958
-113029 -22942 226154 108922
801533 -318322 98758 132612
-103912 433455 439493 307757
-248076 -171146 766972 383223
567669 -469592 911931 19226
-603213 -171690 220838 129583
434202 -121271 732982 291458
963853 -436066 779412 342910
-423705 23688 995418 274502
645421 382609 500987 267432
890511 268570 891394 399270
-858640 422317 185238 253891
640317 -88440 554489 99408
640908 -250113 611683 178997
230128 -162843 580609 423163
-660346 272277 709075 239362
684492 342566 165715 447939
77521 231109 209513 105428
613994 273284 392165 414172
848259 285520 568482 329187
630912 211952 52151 69238
419650 294970 23684 220608
-573138 -217787 14301 422492
704696 87217 652780 148137
710738 -166770 25172 147408
-868456 375545 699268 420401
963870 422045 54264 121186
-476732 -357700 204588 186056
-111306 -64630 661179 492708
-555727 -12275 942214 480034
-71362 215923 58088 35361
-269938 424350 737249 477399
236560 441923 911042 444279
-103115 268052 643866 383368
-437675 417313 432082 250218
614670 357887 958085 417994
-769776 474003 397382 286553
85279 369228 702918 56425
17900 194444 919844 343930
-6175 148255 773444 338761
720106 -129704 850041 132439
-447318 360003 287977 28583
356785 180455 713584 202393
-753308 23932 213501 478749
-88682 219803 449275 66575
-967902 -496282 479727 298684
-449704 71583 177025 352605
616193 180367 71506 241389
596967 -114834 673826 70456
-568605 266380 73966 191843
381090 322799 945022 335123
-654790 -484338 257141 100819
-169459 64516 121473 488985
-149075 36776 79453 116736
-573852 127304 656663 176367
-198243 -162383 61812 472088
-130082 294619 322833 458053
434719 424715 741408 284271
719308 -272575 803278 135537
-221747 -122492 340034 71349
-119283 453574 638052 167118
-238922 -152107 9894 267490
881170 384017 10749 458383
-238865 -177877 615661 107622
-978308 238392 601950 119992
830129 29620 151352 216953
924379 374213 46430 70141
-402420 316077 656993 192667
-147472 -415556 919886 319557
-182994 -497203 528002 47814
662039 -180917 161133 317395
78674 -4361 735311 174123
603929 -68284 942050 372452
42084 -72007 247980 56133
-673427 368091 380777 153758
-972816 122158 506460 335493
-785166 -392225 946413 344641
379531 -5306 592722 300099
-818023 -57474 37479 499581
390400 457980 337659 107014
713079 -424920 745223 465822
-458733 250857 144474 246277
76871 22480 858856 17774
886749 58843 571856 10737
179026 266432 256553 8899
-683534 -200685 299528 118875
316050 304418 203543 10700
588856 332850 553017 212606
609374 221328 862422 467424
554814 -85436 713211 376459
-919680 -282560 64319 236846
119910 313809 5173 453588
-907255 196342 576009 349510
597099 256460 713580 382632
270596 -245189 593523 275634
347898 -233402 160861 439614
-507944 287276 897273 320197
-958862 -479062 603577 388653
226985 -270218 817465 267457
981026 -94813 395842 126842
66023 -301766 443011 50857
234018 222278 636311 26392
710228 -321598 578035 167566
647083 -133263 273653 81920
-892020 176318 10216 145997
925890 -415985 350094 229615
-786464 477134 115878 345745
-265288 -163688 644867 141084
-460827 248606 9267 283671
874453 -200602 828980 80528
483038 -77348 428712 494037
301973 150519 544862 385578
957530 279973 749385 78960
599514 -63630 713535 211914
-625171 480134 729201 149411
257786 6704 820852 276112
-960262 383183 44333 345664
-702982 -366168 375870 365637
126445 -293568 304352 23203
-622228 -121803 781065 230076
-553945 119877 775359 290456
-236901 -473909 460384 280959
-543574 -348738 275722 284430
-673400 -358044 134831 327992
700978 -237119 801907 70643
-7828 -321082 655660 63703
-478249 -65262 863995 489100
482049 -232416 728209 235084
79348 -289945 758524 222635
777010 74086 61642 127835
361527 320640 367388 342993
-618780 196966 790440 297477
-700345 318995 816878 48129
238592 17177 573706 245046
693696 168261 832024 81012
-145508 176466 618159 449942
35449 219807 524977 123979
-499610 29128 896911 416561
612122 -368548 486543 420121
463437 -175971 645275 462605
280544 -340165 546944 496698
371026 152151 43919 250123
-584075 242907 364154 20797
968636 -262476 909901 146419
-651279 -287605 261320 178057
327989 -169891 768726 406333
-70665 368806 722464 142750
-936658 -101890 583970 364178
-877368 -67292 47231 122566
-636584 304151 279713 8058
644540 -349651 581826 246551
717197 -45091 30268 10231
501547 183221 332683 203802
546897 150481 537828 139242
-957508 130203 65206 493266
-436266 -75841 610090 113146
-7032 -280210 424143 188635
-740513 411951 371684 205366
208646 -355336 183286 226243
189050 -233927 102573 211300
-185279 304986 753119 487729
-589962 316024 721820 91290
83114 168093 946264 277815
-138026 -264923 7134 372097
-611183 476711 262708 108062
-342448 318334 500966 418314
-586390 -364355 133166 216912
692806 -279566 793990 259822
694372 -484411 543396 5941
837642 -443994 484998 202834
740862 -270614 647175 350117
-803054 473950 543254 394659
917763 -13210 41572 178401
-500543 45416 976346 25909
-546997 -36988 858554 178724
-917461 -403679 918366 62886
-367457 253930 660872 329032
-363625 -126183 891233 136244
546759 -270387 575469 167
219827 -326084 788469 220946
708952 130588 770038 330894
-591237 -283523 891202 372560
276370 -394654 543024 473774
-114915 -103072 637231 239130
731423 -61262 804004 140752
627540 495940 636187 155429
148755 189173 562527 290772
-536411 197538 799753 357391
587110 6493 531879 288153
220212 189391 288700 187473
-534876 206945 614768 106324
623550 241672 739311 328093
-140882 -406476 608457 481695
294427 -355661 390063 440540
-316700 -468066 49675 362322
-480048 -3094 171302 441117
472558 61521 911229 98802
-236712 -199957 621935 152094
307446 358116 56284 102743
-81982 246821 841407 422968
-480599 237191 897288 467023
762356 -151338 600099 339519
169601 -148591 324657 86201
-800339 332968 610722 429546
851950 -426757 750370 264932
-321632 -428431 743559 120652
-340780 322019 217001 50793
-774646 -373959 225170 382291
-974023 -462229 636870 323876
-595102 425223 294420 168854
23551 -358345 552252 299053
878756 304725 531653 88300
-290279 -175657 858865 266446
33282 51696 915823 461257
412701 -341353 283257 460688
427240 -354209 220720 212544
89891 127397 911197 11207
-876221 215898 189587 410955
571069 335842 214793 408729
-27871 285468 345205 168582
415090 401730 193936 228848
-841947 165787 659328 479255
-236011 277303 375535 176019
-34094 325364 472486 218396
865957 330759 864569 312574
-983836 479253 905721 174897
568129 -482394 237421 257588
-39750 250291 42701 22107
-852920 300688 409712 350242
344957 -185947 209761 35145
-537968 170546 79978 165727
-27685 -5757 792426 197458
-35816 -303264 306264 68900
271591 -436110 999582 394803
-919574 320851 433343 27067
-593829 -57636 439241 56099
-654464 157980 671718 458423
850737 198578 753518 469554
1119 -154363 9500 40132
44542 -246232 14208 94974
137304 -329633 788425 197442
431211 -42477 910893 169959
89643 321072 931813 78404
-368446 188993 205795 493051
808640 76521 189134 163479
166121 -175311 794865 179441
-681825 -168774 552532 464486
-876762 255241 668006 250243
313006 -153044 977170 409096
543016 441784 674438 187362
423493 -357015 770568 417792
270277 188848 816358 132987
567301 253709 830385 499401
613550 -145079 739805 136917
508519 207320 941968 218020
563775 -343762 804448 37521
745661 -379564 86057 482922
-870975 266004 216018 290626
-277305 171750 530504 4760
97349 60799 203169 294616
-809585 -250271 10019 353105
77991 -3818 645240 355774
859386 206368 742030 123116
-430727 -448703 293481 241543
927747 367296 685207 254585
-144183 -426185 935373 406664
-72643 52987 872698 248304
-109879 233572 101794 446333
319007 -99989 553119 226491
712848 -436327 623804 371271
188496 -466182 652920 293949
-484171 -275334 621548 492492
-985008 256357 257759 333814
-750725 487265 404680 174612
-607068 498042 893572 153624
560875 73277 512264 88807
969262 -447754 470240 380679
73256 -134793 600904 201333
-474842 -173545 207766 172817
-935105 -104849 97618 72686
78392 -458183 252866 74309
226782 -284522 303302 376958
-117128 130975 250519 240072
-237526 -328240 413990 447664
-391890 -182403 572808 233632
-623337 -157844 805035 335707
-891174 -361251 526967 490724
372451 309196 73842 173543
788954 -120434 325857 114586
-490905 -201617 523253 66959
-389237 -369218 461511 379916
870664 465298 507404 142627
-729361 -323991 272876 351374
708459 -178820 480602 185029
-717685 343649 339228 211312
-97720 381201 178546 147874
-504505 -357390 15584 280204
28955 258802 253268 274722
-889716 5795 966049 342393
-270747 439352 490031 260716
396519 -23879 46795 258188
-263829 -67622 442172 300595
219825 -296454 375471 253194
-308041 -56408 26648 421699
-161156 20959 124881 383319
25861 -84737 27459 103860
-135229 -471248 388928 8482
549095 -412515 286063 144067
-223131 9107 984714 410387
70504 -89299 113012 363543
477762 -116774 29637 209377
37250 64579 266699 267108
979638 -146871 17398 465259
580609 -194039 882321 340622
68217 -246202 390738 89014
393065 -315915 572594 302912
850929 69517 264035 98381
-78827 300040 541806 338429
33392 322987 882793 457381
124280 -470583 41349 280775
-761473 241428 749159 321212
-854883 189613 756124 223981
-833838 -241364 656956 383309
-16521 6262 760311 236370
-84268 -345658 462302 173413
294337 414754 786414 46526
13735 -348830 367710 58117
-301995 -149352 397789 156348
-459255 -462658 430792 311701
231290 339720 689404 84006
-362595 474618 737691 26591
-511019 431843 325788 334748
-560977 -206038 294911 352813
37161 -387362 120259 279896
-699895 -49157 445849 286344
842937 -455953 409499 226790
-641150 232948 946297 48513
-860453 455673 926956 41118
-398622 -469368 58607 240355
-164215 211299 428239 442861
985335 178079 277991 173763
64025 -469811 183138 80934
-509217 -12770 807922 306600
430796 498872 980283 377706
-387264 -6912 872165 239953
-224530 385478 12285 312137
280518 -453563 623466 311712
987662 -442163 697057 224552
-274610 119225 494543 204270
-425892 -478251 334284 31461
108714 467474 364772 437295
50870 36274 725468 55606
-377386 -295671 224971 463209
-637868 -7421 308315 83796
626577 453924 758825 257265
660676 32394 166099 171091
-236983 247788 527751 325856
-199320 -227888 697405 416862
-538802 -145491 308758 45283
-697951 -365565 788433 98560
-582537 -469059 805337 371849
-117333 49368 176190 166382
-692138 -129976 974913 288143
428040 402966 574951 125466
245385 494402 39642 90240
736811 -277224 282145 318175
-858478 283675 944782 56989
-598708 -56492 914524 424439
796891 -115047 935399 161711
876903 415740 431396 97882
-590159 -158816 178454 430439
-996625 169847 791692 182806
-885279 -383389 658409 292940
714309 61303 195153 443427
389528 -138879 845332 226580
-958654 -77754 698553 86210
318096 67701 710548 53891
750750 25586 904851 460468
-211409 293157 456895 345581
-343254 393968 860056 34913
-834607 446208 465039 353828
785055 -386636 515450 317186
560539 -467335 539546 456809
345982 8370 823583 387394
-518262 484372 80778 105383
-382818 -485170 667141 305165
-687547 -355382 859695 204663
-293690 -483913 547748 113305
-891938 -350051 872054 218847
-570055 98820 880119 491378
-918368 -96326 622457 466188
-904297 9070 89500 96247
-136423 -368140 903471 217697
-635937 440136 967311 451489
-86970 78539 107489 408510
-990195 181494 663400 285982
-750692 21051 775789 138158
716789 -89039 149644 150342
-902049 447335 960324 306359
150812 -270479 556933 79635
-148278 304487 242189 302969
933374 -299525 451648 419294
524021 201407 518003 390152
-388047 -330569 666228 79439
811922 -3431 249632 371675
-214861 475981 626521 229856
-250750 2986 980844 359388
996295 147490 765782 75716
846808 -359073 499746 362275
301318 -48592 553146 116219
209293 353323 763561 478416
-256589 104768 193538 190142
681094 -242703 662094 104438
-43505 88673 281009 457594
425063 -337289 611065 140741
778839 -242670 111990 149176
-724209 169383 12556 225815
825427 -311389 400012 215929
-164085 443875 429359 138929
272985 -238458 382611 214363
471323 -175612 519979 74730
99932 -346 286642 18072
854311 -429439 473756 126906
-772729 153569 436762 175712
-64523 -369318 834026 487631
603114 -377212 904841 220468
553865 410863 161401 108819
602801 -216234 676395 273022
931957 -409736 687809 116874
-619165 427981 339889 82138
-972364 6088 997577 54025
518510 241166 441929 318769
-514852 76014 313202 125412
609427 275237 771742 332099
9441 67153 896761 449019
-608681 118151 612049 165011
-532305 -352900 616756 94610
33275 134071 104640 456612
558166 -365514 38601 26360
589318 439880 285681 283758
-375246 -461418 101768 301749
-39820 311048 454839 101464
-969268 -194272 201922 301922
629669 -202567 788546 185133
-676325 -264504 421965 354632
-631237 133206 214679 353920
-947787 -41103 414952 113020
-291622 328798 826970 330000
-987185 429681 192887 44366
12468 -466700 3313 261476
158332 62780 658597 307687
-415779 129695 387329 346532
-165067 118419 588597 210641
364346 -72002 751697 471126
430762 187224 933334 332614
-408389 326803 72357 438083
673755 343934 359830 83263
726586 126606 889166 320065
-896483 54655 1136 178636
-634900 362249 651768 17520
-757951 -277403 899567 405960
-416478 -403076 204118 190899
90960 168635 431701 434334
212925 246641 72877 107349
-313558 -29544 785392 29773
-79953 -464953 366252 265634
195922 53909 737880 82221
151413 375798 993537 218550
-571494 393800 133916 321466
304427 -20519 604615 114379
-547833 258721 471220 11262
415890 -420524 889878 324493
-607514 -313010 791808 98911
920368 -277524 883395 106804
990726 429655 488205 149214
613840 -131092 870825 337161
587599 -390283 305708 214772
-906200 330912 993187 440756
277532 376685 805564 293909
-457917 423191 77236 99195
804469 -342643 195661 496472
486114 35111 554666 361279
183008 359803 308649 106690
-519251 78108 254951 59130
568295 -134216 479509 342611
-579529 85832 871210 87768
-607153 -229622 795645 70204
373970 56509 73254 27392
582969 -213866 946036 204357
-583052 -97671 161879 294753
425405 -62825 834784 385354
-541908 -338933 562446 330517
-202773 23249 867798 288123
706004 454142 730044 243384
172289 99043 475067 205949
-175783 -210652 530632 406582
-818581 203023 973495 384246
-746810 -23016 769006 495938
-279634 -36273 840011 477659
151082 -162363 898397 273447
-398358 -247960 382181 198549
837406 -422809 974588 314174
220611 -219394 517384 180866
952165 84040 583520 331047
52337 -186023 23217 41167
261803 -423318 696249 319072
-539380 119233 97 371617
-573211 -230128 241360 471420
107632 370308 326790 58193
395774 308264 937673 89672
-718703 -383821 536578 194029
983257 291979 175864 414419
793478 -374036 550692 62647
-49950 248817 374365 191401
-332139 87269 994917 157883
-582756 -162915 259636 183422
133628 -273346 184835 433016
-463784 -9490 907567 131850
-290574 328868 955691 179500
240952 240767 296901 111863
327555 60326 798012 436159
-693430 -185693 891780 471533
462263 169934 349069 274142
-47668 -321491 941127 442880
-9227 281914 626671 428873
-404991 -117210 113673 70023
738214 420438 285002 155061
442 -429463 465306 431425
954684 308764 610736 55537
-697389 348538 400366 340181
775900 -57356 674733 217090
475307 371755 596869 243295
49142 355174 66313 183102
784199 -61769 211915 368794
67265 296338 591489 53403
511591 -447967 452164 417793
-502118 -70627 569747 443106
-447176 -255306 988679 106174
613720 -420077 275706 447760
577312 165344 113817 56437
-463571 -295193 44158 189964
519859 271363 796961 230623
-222567 45216 875925 50024
347003 -323411 329683 452428
744552 -237685 789460 312578
-325883 104248 80645 220576
867959 49436 944869 479148
-895705 7550 852308 247419
-834600 155014 936149 42520
402276 -386042 496277 417836
