67.625105835645186
5.232791489492555
6.255591344909114
3.746460898188376
66.153839348181350
23.743708072372524
0.867794003742202
69.404769943192818
75.216675292192150
10.477194853312247
100.000000000007304
5.813365929837526
0.685762477323259
14.903421135313801
90.737855533918648
98.893910800835187
47.279933580860444
83.759888740558537
10.807623122758425
85.581031185261324
3.075859100883209
57.955960376413323
1.865824196748344
85.091327521622617
17.502677672012837
43.892895520877779
86.472168938660175
66.556080693292941
18.045621920774291
40.053532830583798
57.793748081515929
11.504907859004826
16.158390164945612
6.126221116064416
76.000856694732349
34.825088225716286
48.091734838208581
33.986107880780587
25.303482570601656
20.341982122006137
78.899437127025635
73.643074907250082
65.471074838255362
3.820502497382974
52.135471344257326
54.037390375429197
15.738777251106830
86.994524036813104
84.207215131656270
1.444341504364166
2.879564177756954
0.375563084291507
59.163006738272713
60.656706850124046
86.639892399381878
55.451607252683573
16.373299109895040
0.002158158353160
77.128822039606462
13.308196882149552
67.929592041121779
80.669215784045633
86.876817819731869
62.986074302714641
17.744538455395247
87.623667904634047
66.749781294265219
44.912752091898057
70.852799694421421
64.043320757922956
79.911557773409370
0.955871330777739
14.521929098703774
13.874230024361335
21.679499595430883
0.143970178625050
79.085571227191437
34.607857487729056
34.060230917719473
0.384885758038019
69.096419188301141
15.200773184913135
16.446021267516965
0.256010002324961
89.881444598314530
20.748905053590274
86.092571928931221
6.894935334936074
80.184528104765178
66.258837145896067
1.771994055571404
1.807187135185997
63.553081013909711
46.519961647439871
16.988822151824685
52.760754429911685
49.105818118495392
81.176281074224178
65.473582174668934
11.255055935071725
52.561175228212470
25.203856225278514
52.740201219308254
10.294907125530605
24.969296257008143
61.859002062833397
25.209305813576155
51.784160813197509
90.422444724674250
83.965437952246106
36.085691746901951
38.608443962749114
41.004088891219205
72.843456000204881
85.867515262508874
64.702449647457399
57.484507608629478
52.579966083634339
79.054702329941264
0.007373569206610
50.324571636589262
3.384398511428706
68.037023767203706
30.711683247639144
4.348926873721082
99.999999999999986
13.954476922054182
47.626456742986932
9.809377742011304
63.422062199170703
30.629281015500286
37.705687556939374
100.000000000002629
6.337510184411072
28.734898533855709
1.673572739381363
85.169763018563472
19.501984996531675
65.218393671450912
58.416998242272783
3.164193723318399
41.351159883262049
53.602913681997613
86.363766465799415
36.624406490367825
52.172511626000301
71.228301188028041
48.760840155353350
75.742049806483962
25.281083877185470
87.822290774154311
53.635051103983365
49.125849653428503
35.689339572471937
1.795393736515163
12.409001055032739
6.304396315220752
4.349102234609163
82.821804627597189
23.050587564403838
4.897964963958465
25.944923373182998
7.482413806654436
88.317175016997211
14.518070787756429
86.237914539420657
25.204838313155975
97.022834552528550
65.767894602015019
62.537378121128789
36.733368795722249
0.055309124737273
56.324072171854539
11.141366745396564
47.878395442810934
5.548911528633922
51.564854354660667
85.940156387522947
61.435392842642493
4.179485563671506
0.007295510051542
81.104585591249474
1.839859960856719
4.371686185279479
38.841014399908524
38.118076472777297
25.322738137909024
76.137279418259297
21.290502993291479
61.251779602496214
50.165013512901929
51.364271221279964
44.235402022477444
79.125380114354044
90.108779883123745
84.218149452252916
80.874375543244582
37.060128556544896
66.887941089824864
0.086227445690155
9.275718743396345
17.030998758929524
64.511349470905344
40.842351718079968
18.654259715353376
57.469480906979875
34.440946121600376
86.922750774599450
48.148116746335297
42.330013612119011
13.716436708643556
83.167106248356248
73.594880948158107
57.935895889047686
80.833048882257245
0.062483380028389
0.000000000000001
28.396207114700807
63.798669150021560
39.253525159763051
43.400997702896412
77.788040315747509
86.089777152937543
1.195285505075941
65.384549978128234
14.937188755356200
68.728717210597750
0.101038099547963
86.724783646351199
52.719922122554806
29.717706023193678
34.922045624830290
68.185147729822091
39.715435847058359
19.459629699430376
7.896368136155997
79.757170801236157
47.482623753046120
28.372382404056008
0.329377590933139
1.793294231917520
45.281252192257362
40.297019804961366
54.365218221742083
7.547383099169016
7.214218754312022
64.023236849552347
5.400683500579892
90.181832673174682
59.440379784554175
19.307858505973851
65.998953705818039
71.851435008858303
23.015267774417701
10.036250684169634
2.818000389076391
0.261597817546033
36.700039452471586
15.099466652951664
76.013591679693207
27.100356460451046
31.043814000622007
0.370604142490326
22.701089150988828
39.485921853924971
11.786077612776630
73.085122456941619
61.521430332879682
87.009553836747116
53.173714992937796
0.037389510239371
65.441258176547933
39.599751644414830
44.361550628026407
63.149722165795005
5.254708426976652
77.644887032076511
73.556280244014914
90.401815766140047
33.766522718029286
81.523659167378398
22.805610554641866
1.053147412023429
74.814804903339933
0.371682275242208
17.846359890573474
4.581283363885816
44.852556523805468
17.727324087992216
78.386598889740227
47.755373559462498
25.325894882709370
52.598496384280217
31.584304637284284
60.868875725411897
2.291499612338461
31.409777405711957
44.442386303264044
20.110682782120339
4.642808897143815
86.337018793217652
1.045570929872854
78.042626568092459
7.994305887183129
74.143160811365817
14.711766949091885
6.951443044652839
72.866195811107204
1.066396092490555
60.412890661406770
100.000000000000000
7.877558352833050
57.136818920334413
5.491058781874107
35.476280758340046
62.929701965142236
39.658133009667054
55.899334899271238
0.884803798750978
44.102720650488877
13.734718404334526
16.721432309919440
62.576074090417173
9.581115129219468
32.233162742764890
87.851308607309903
19.406458148176256
100.000000001512916
81.079599460470263
37.074122654053404
3.530300360661291
32.867061394287177
0.121312095848941
72.334104143159536
5.659749616993298
26.300366294952926
35.076069362873504
34.081907323571428
84.556842358285095
39.499073718050880
73.895223841655451
24.502846098024907
87.931358847017833
49.687623128477789
21.179975368168048
54.709265559656394
92.870323396493106
7.802945771481589
63.723295338943004
23.212389535954067
42.218547651969480
88.637767199632748
68.208340823417629
22.102575348789752
60.829939416970433
15.305536225494485
37.909622696804824
37.631065425735720
74.722658357839634
2.371285891720650
10.030181317212756
24.814793399133183
6.787652039018020
32.480074700754500
84.721942422571345
74.170289747018359
71.571393747571705
17.721329309869908
77.694872257696062
0.107726612810617
54.905832605507399
55.058845013637558
75.650535298732621
61.613628574989455
49.081367406482933
88.872855962212213
55.824237192341734
85.018566766335951
0.099041173060734
46.206207140978812
42.630501014137309
3.387656816174459
21.300501956877749
25.729761233897285
24.300027952493110
66.723374096342141
8.985017140041272
25.968140296363334
79.200233551698105
55.717709354144304
11.582799473434273
24.261870344559792
83.012286852661731
52.306113539931168
0.000013242922776
73.257939394702959
72.034646716977093
11.474833598019103
62.437871988127412
3.899070953490082
44.086860248658134
18.900055657495081
45.827681176776501
5.833879701704644
69.788793390228619
9.339278851895708
57.573915911275577
15.921946250289171
20.690763087575121
21.582989931431072
27.057086928318132
16.185402471758220
1.456087635203942
41.348115964312889
84.476790542706809
30.789557752773167
58.116612976042703
73.097108492656858
66.402915566059150
65.517472949220689
74.657664556641350
87.272869899789612
29.741068637258991
77.575737482003547
36.315288285031031
67.877910854501209
82.267767410275852
20.974078201560307
89.083516421126006
9.237981594255885
59.169124750062011
80.810905555455207
66.423672924580174
2.946498665007561
87.963575982617712
59.159024629108593
81.328049077204668
9.944471589971004
84.806558099479503
0.470116778741197
8.137333552260772
55.320529745801053
7.899172800867862
16.889121412285299
85.563984269424665
81.201114202694399
73.842727434931817
51.539689323509101
80.528477867438014
7.377154090814559
60.651421473873889
35.292568764466559
7.026920073665782
26.939712236828921
48.311596648359426
80.124592639053873
73.741928164664088
0.786880252566407
78.592515894530877
31.759713119695473
44.005989524246630
27.204086419241666
14.363780188627786
50.267954995070099
28.645597282984635
0.031582145758501
56.344425161482995
9.356378065787620
73.576840853575376
38.235883569486184
91.533960657096884
11.378942539187401
73.353670143554240
31.854620566929668
79.050482696566306
84.004885255179417
39.328519787215043
5.642557252199840
0.064702452970016
55.892048745488616
21.129584583585416
91.156572108397057
0.105071628080143
6.445091400149813
0.495820194165997
73.742435311509112
2.712852677640316
4.169564419728498
52.608698575150100
39.946726751027974
1.957995866299505
22.297961550820940
81.130099270476421
64.080244297405159
53.359102802415947
43.344757468087089
48.524697365557451
25.030837774092884
52.733778022969069
71.336132848514580
12.590180881290230
13.162368087446952
4.172013170860635
0.193425704139064
0.802277895896339
14.266228313492178
76.970533095027605
1.091133438811595
10.214016746451323
13.422498281119365
17.767737536981112
83.909835473336628
47.990394563750833
89.161793273369341
49.405181379329363
5.622275528045924
64.178057540723913
20.124978990596922
93.707329677752668
0.833966415735446
84.465684410655399
28.736811454297694
90.591093217612624
79.068778372945360
79.897006668637900
18.376037467171027
0.102522869246030
82.618156263666549
22.452664890992889
5.238780333507751
42.353773812647184
68.245424752986565
16.619522430249777
9.504045423155803
78.671102068423380
83.117419072156920
70.732970583737284
62.730172391911680
21.379918367137051
78.476181909291171
1.498225885437986
75.340245880473674
8.110999731146034
55.036996993110009
7.870794542801377
78.476611071872952
87.235491452718193
0.730366876056874
2.707185707973560
72.580569682103501
82.309925188817374
20.371790605908245
78.086534967488873
70.496098415155600
87.639450767457816
68.754771127665506
17.229813113478279
78.899481302592790
88.394996546835898
60.314755265406411
36.537330667643062
55.261409300764832
7.077592424988753
43.287591536145030
77.557534459099827
6.995435462048620
20.205883137925603
86.129840944673589
33.585452041225530
32.870648215193370
73.839933652152965
84.080128770865201
2.207540086462522
86.890829129805724
0.000000000000004
85.854467016752963
19.369246032656481
37.613329284673668
68.141934359457665
79.430127774939336
63.688880424234263
17.304385082206483
66.513759349156672
20.092216175854073
55.740480733393035
25.596385896482616
25.439301387329689
94.188068077455071
59.491142285934458
39.202092726436916
86.526336361369559
83.346505261313339
8.273060596551833
39.903764230045084
50.801220153886675
87.137995023963938
25.538742052317080
80.683514329246108
61.481208809216909
11.816080107254061
45.279516800214616
75.829617862964653
100.000000000036962
61.244872139627674
14.097830919986984
84.097888432853509
72.552077155237626
24.997063164755101
21.284252055122451
68.895715419880062
64.456648998792460
57.167499151971711
41.824060218574516
77.337893786379652
0.693944634523735
71.135314540196688
86.317655614621032
38.609471686191988
2.152694562075968
0.011855970940215
57.859114440317782
1.816269035626833
72.102886385413427
37.989266770167561
26.654936070886599
83.054585938989206
22.815761466013104
37.914462220347062
17.663463489877280
95.870642100626682
78.263226131284824
7.541320357433432
14.980042182223128
90.607678951607710
39.092384339600123
63.851805109074384
25.229077074135304
1.961956339506039
1.610501839086471
43.291175032729775
98.132438724703533
12.670068265578733
66.038521309283013
82.256735834058915
7.569110292692641
3.669307313833189
66.660671627524906
11.388328618666845
2.464683939286366
80.436889193374270
47.532452617775760
87.607524216515245
13.376311324973639
0.885381266245270
53.820574610468803
66.295687514553066
32.100180990914716
69.902277331437503
37.572012542640167
67.627485625256853
15.510855587171347
46.365912128736646
33.626933335360192
83.907440953056764
73.468608688092502
86.336035713325742
20.724443606550217
47.625187188145716
33.872701134800060
19.190015378856682
85.483127061666906
3.570701231744231
17.722553245173277
51.290550595830375
54.155385765357501
12.410968222442506
86.162543098841496
32.836482917485171
11.514805972968748
47.479456664888275
0.142086404871355
70.205963743435532
32.642470325390114
76.265996610662469
82.432024232499373
5.270158595477463
0.643740045698646
37.692815848722930
45.301295873720200
63.592820517236007
56.995611178341541
27.760771495870319
15.815659401898095
89.258707698008422
9.422104980584376
25.452364968215416
50.632063104434280
5.034965209800154
22.372908892351198
4.642399777416132
30.914914137897032
10.487161454366971
93.334274730157873
26.061223616090874
34.323056379846520
79.437744655689102
6.178611820222278
87.366552203676278
72.274524076057304
81.693665594728230
9.085171509516975
45.027461921228948
62.916616636784909
48.822681614156984
83.860360701179914
1.646946493804828
21.773441941863727
50.529456044552184
2.479905329251080
9.593549206029680
5.459440061482067
85.143149083173839
15.560054484965292
83.536547428864537
16.293903773620446
65.916470458967439
71.939540219508231
82.908515711472305
29.093275800962381
76.538258557657542
6.625295933267644
6.439297961303188
85.712929885317266
-0.000000000000001
85.896781826205796
9.115252983421883
5.802693488375501
23.157403137963978
53.543342106154569
10.258492488295660
3.118040563827517
0.025305862768781
72.582760078007041
51.798051360551696
30.387984058838004
4.545993513643606
83.865898167569853
21.631171912435249
39.740036658230103
84.764659674876810
37.742243349198958
2.371143975825253
74.326180436607046
82.035188979866405
83.249565877501652
36.864138095446570
50.669656837978543
29.853612292404748
6.995841457025024
82.163500768924479
37.057828888345462
34.161244505074507
13.436413650871680
43.277098795852361
78.399658421913841
0.003443753578658
26.251236631849192
88.110809862424901
2.147907756991410
4.856094837094838
41.098136800345628
0.044437668478934
24.575479495601247
63.765191269158628
42.243968758700554
83.232887733101222
31.850687382798871
51.882579571592714
87.426621933400625
59.844098361418880
0.636697164863593
52.593725499099634
67.194380895796868
0.842697320015732
85.158610871370442
74.356091903080070
73.303246811828558
18.271638940306335
74.221096879661943
81.761785090897646
93.542963757616562
20.762754248016829
24.991069595891410
72.954427170210323
29.246827408636189
13.590068825382646
74.305055082431352
55.419517530157364
10.158366872735380
24.412398549436240
0.429599987747383
4.413596951653641
85.401696471168421
86.712179889618028
68.463255630166898
6.502530732170681
23.775150958092425
0.414531360350738
90.567974004101231
56.277469568183278
38.223598246638339
86.139414268602209
85.166788258626298
93.833148276271999
61.562433539768762
3.431233823045636
13.191951138024971
9.909164490400409
22.516058831417936
29.795825917833028
65.152962867163211
9.199470306070838
43.560479400381823
64.065640387245352
2.732912087665259
0.048333168001566
24.975697996910075
38.851561648079780
13.159303860584931
4.901847954471369
63.343300406124897
85.804868902947931
1.055314298939747
31.686274989590302
32.867186081339462
14.466104883304350
23.213599437753629
88.827517111290149
75.475851401780076
43.005459964800352
83.849928936863790
24.676581696031391
10.228767799271182
0.067036307658114
89.448807520089360
17.246057808430589
1.564679383526046
74.104898400686707
75.804154324628968
52.771802486669877
56.023506888763109
0.631796266238920
22.267786862278236
89.129950396052834
47.713919690182799
3.051618449062436
22.310612392366206
5.175961885466314
34.848414929550884
79.755238568471654
76.080023193054515
88.950771974265479
0.053458659025727
27.514998458631613
91.433259306606985
85.771485538771188
45.172032773068246
84.925560462213170
83.318009509969841
7.031351511733786
45.367406100967287
5.346853190601794
30.669214434343687
0.886656312591726
1.268908030842757
36.679741565566879
6.359923780946516
52.580377402202004
82.695267179761359
54.359383282159179
73.601018692935199
69.043370522851845
89.208001743264418
67.124808070243787
82.709079749383392
12.779623263243968
86.366279330921699
60.817091620343483
24.850398911081598
87.806842150974063
75.665222360088336
4.934242027059815
62.799989192877220
54.275086696101397
80.194166348898207
87.114021228469937
29.044858195576293
85.352849818629309
0.000000000000000
81.750032204805791
74.598786978593949
75.432521558215839
38.614641831091596
7.975212697735715
66.924877544508050
0.402256533785592
62.971317671580145
23.285585015330142
38.433600298220128
30.590687794724190
10.200411166660404
24.889711460845721
83.338351742490104
64.252906590807129
34.358733932394379
57.308125706948388
40.885806605778001
9.380515642983161
68.867696387627277
85.801295209079299
7.895316612637650
52.938900685061682
7.028001800168413
10.451433967625922
69.570860005136154
28.574908156292260
85.161182127795641
7.921481718316817
71.034705032275554
16.706001024631007
60.020534217904867
11.418765789511870
82.500382546409611
0.438484936993547
60.764117545166130
46.612022194463606
45.424104891073725
0.197906047385988
33.986060841513265
12.181121572538851
30.379894238040773
59.019971962498929
84.860719774471761
0.460628292792694
47.118580972191694
16.797598857334243
37.350215682261982
17.216378891715959
87.619422001154319
82.286594459694356
14.795126757284196
63.570467454476500
14.982371778569425
24.281163116217407
59.034561246630858
18.275574299101237
23.084523259076033
73.210334823307463
23.289379323872424
51.831887275087496
2.079266632938183
78.779787761571797
89.120021291356053
20.220815492593900
12.464568522041599
38.787931167265299
47.565327125483442
2.010573059092966
2.401599271984701
85.084785280104910
79.186150002000375
2.569935990288867
86.850134406630346
3.147190592355081
1.538453503727950
15.182076541498052
54.499517018071522
38.700863895008773
0.097186140199060
25.206735237253540
81.884102856889598
51.366508287143979
54.601448235662410
41.859286789843424
0.000000000000014
1.735487312892565
22.525424610674413
10.578397992219212
64.527264400323219
60.103470123156235
78.832149835023898
67.614677760151409
14.731483526073605
3.686039478155850
27.186501600997254
37.649456395875021
56.515737358219916
1.180473278834599
28.380628845173810
2.594411028633404
