1000 1000
241104 0 3651
-245916 0 4102
336205 0 2874
-258716 0 1773
-685872 0 2805
918168 0 4849
-476505 0 3223
-455598 0 1899
-762166 0 1552
57807 0 4606
-372185 0 2556
963023 0 1583
833503 0 460
-584531 0 3621
-397709 0 1347
-23197 0 4568
736529 0 3695
793795 0 573
49897 0 3778
-257537 0 3204
717282 0 4898
943872 0 2826
608605 0 3349
122046 0 2523
-976262 0 843
-291502 0 1290
-582605 0 3328
-15550 0 4251
760819 0 2741
-709985 0 10
657082 0 557
451942 0 2374
-90296 0 3147
574795 0 750
-816459 0 1765
-714057 0 869
389064 0 367
25787 0 1623
110999 0 1968
-760202 0 4922
-591106 0 4540
-872307 0 1801
-886062 0 15
362363 0 1157
-406975 0 3881
-496576 0 1269
-393961 0 704
826957 0 3700
607715 0 3808
-833388 0 4234
-952883 0 3409
-620578 0 338
198886 0 4200
-546074 0 1515
-365971 0 3586
-570900 0 334
-738891 0 4114
873069 0 4483
-10310 0 1759
401547 0 241
876882 0 1736
-452002 0 4996
-585492 0 1827
433623 0 4884
483666 0 2921
42050 0 4813
-201486 0 1185
436392 0 3569
979400 0 4969
810686 0 4094
50032 0 2881
-314914 0 759
-69221 0 1716
-555427 0 4554
-116214 0 1002
123440 0 1413
-187454 0 1254
-35438 0 1517
-554626 0 163
101400 0 3298
-408725 0 2437
799391 0 2626
3208 0 922
636503 0 508
-157625 0 1650
647039 0 889
-791639 0 816
-581156 0 3312
346086 0 177
-578974 0 2119
-313553 0 1773
393303 0 3530
-453532 0 48
-396912 0 152
83348 0 2958
553419 0 356
35090 0 66
-799846 0 2630
382143 0 4616
-71220 0 1502
-168623 0 4492
26278 0 918
394376 0 3684
744131 0 928
979124 0 384
-573125 0 4591
758325 0 3591
-797081 0 4204
55733 0 2351
926682 0 2278
412398 0 1754
-818405 0 300
264963 0 797
-405681 0 706
173498 0 551
-163633 0 4317
725229 0 147
-633415 0 1431
81592 0 2336
989473 0 1422
16905 0 3966
-564030 0 4599
917282 0 1580
789497 0 791
961219 0 4116
182204 0 631
-237340 0 2208
181376 0 3176
-630723 0 1108
-609793 0 267
-30250 0 1444
-859944 0 4203
635748 0 4221
127730 0 2270
-333091 0 4200
760368 0 4662
810713 0 134
851379 0 410
12594 0 369
455342 0 4604
872252 0 4783
-194380 0 2842
181877 0 3746
-815526 0 2004
-856891 0 191
317995 0 579
514008 0 1843
320451 0 4397
916346 0 1524
-783571 0 470
-706415 0 2943
380153 0 4493
-604815 0 3143
-924484 0 1355
439343 0 983
829300 0 4376
901064 0 3631
632634 0 823
355254 0 982
-523247 0 1975
-715068 0 2576
-775712 0 4096
-346925 0 4436
115231 0 2242
-949743 0 686
151664 0 3623
-673593 0 2054
383410 0 3922
951559 0 194
-216547 0 523
930192 0 2041
-184298 0 4131
760408 0 2842
366639 0 3235
419947 0 33
14487 0 4275
684057 0 2023
-437120 0 546
933316 0 3354
222684 0 4930
845368 0 1176
434818 0 4330
421685 0 925
757274 0 3841
-739726 0 2046
781013 0 36
342177 0 3674
961145 0 4982
-156671 0 2967
856543 0 2966
-598682 0 1528
-768546 0 852
411231 0 1336
-748400 0 1506
-138419 0 1166
-667396 0 149
-306343 0 1618
-413794 0 2097
71876 0 3593
458969 0 2354
-48166 0 335
-109742 0 2970
408826 0 3054
-949197 0 1003
356859 0 4203
759865 0 3077
-263906 0 345
638028 0 1832
-805597 0 4626
-965078 0 2592
390797 0 3116
954501 0 2034
497787 0 551
-498012 0 4636
188408 0 4387
-166151 0 4547
331229 0 1556
-550140 0 4412
-192073 0 816
-141100 0 292
707215 0 3249
-596725 0 1900
715434 0 1852
68956 0 4886
-299969 0 3817
447053 0 623
-233119 0 1452
-196999 0 1883
827907 0 4334
-74017 0 206
-567970 0 540
462183 0 369
165774 0 3859
-645417 0 788
464779 0 1534
-567518 0 2426
108888 0 1915
621182 0 1838
-196144 0 2002
433550 0 4306
991937 0 826
-346482 0 3257
852855 0 651
989994 0 4896
-199378 0 308
113193 0 2690
-320562 0 4762
-777369 0 754
798440 0 2938
503593 0 4227
-609323 0 832
298841 0 2784
-51357 0 93
-341747 0 1179
299449 0 3316
356389 0 3068
998346 0 3938
491135 0 2424
-673627 0 2068
628793 0 688
577215 0 2045
-646403 0 4733
453210 0 103
10981 0 33
-307207 0 1679
-312544 0 2566
686599 0 1195
301452 0 4576
567710 0 163
-510574 0 2936
660399 0 4452
858884 0 4399
-907606 0 3525
363102 0 4742
40206 0 1253
-446125 0 1086
298781 0 1440
578643 0 3802
794594 0 3654
-596069 0 2681
-497279 0 1554
-667631 0 3455
-44274 0 3698
-100913 0 999
-59318 0 4134
180408 0 3174
-662028 0 307
-489978 0 2002
-227579 0 2272
211167 0 2810
-38795 0 1690
-781253 0 495
239028 0 4978
913712 0 2890
323658 0 990
934617 0 516
304007 0 901
-249403 0 4682
77036 0 2054
523479 0 2956
-171700 0 1534
185027 0 3837
738469 0 717
742478 0 4277
424425 0 710
259633 0 3034
-605292 0 1225
137632 0 974
-662628 0 3121
-190322 0 1594
119651 0 4236
106906 0 3173
-461113 0 1534
921894 0 2988
123443 0 2017
-420658 0 1598
-517357 0 308
-410173 0 3572
507567 0 379
599295 0 1937
-373814 0 2630
-587675 0 247
588520 0 1875
679361 0 4676
148687 0 4068
-123256 0 1212
698341 0 4352
132457 0 2810
-236688 0 3364
-915210 0 3819
-393896 0 1240
316751 0 560
18282 0 1792
18089 0 2296
52635 0 1039
358224 0 4523
-35260 0 2172
807748 0 1095
228497 0 4002
-879735 0 4271
63587 0 2364
659312 0 4920
-782882 0 804
432906 0 1579
-313514 0 1064
-483140 0 3910
467723 0 2211
508599 0 4436
725579 0 1431
-884318 0 3319
-389156 0 1024
-202705 0 3662
-372931 0 1303
420567 0 719
-590475 0 134
-481375 0 2858
-415670 0 4068
-367932 0 2432
562007 0 4561
-953677 0 2304
-707297 0 3579
555693 0 593
-614912 0 613
972670 0 3406
676509 0 513
-846740 0 528
551505 0 3851
-137378 0 4071
951040 0 1103
-992936 0 765
996282 0 962
972608 0 257
333098 0 1356
-73705 0 3725
-103027 0 4896
246663 0 4858
202909 0 4060
-481012 0 3962
-919796 0 355
522761 0 1152
368936 0 1222
749542 0 4386
173507 0 1537
303506 0 2264
-504357 0 3433
957005 0 2752
78488 0 2977
302586 0 98
-925247 0 2370
737372 0 957
-689523 0 2021
-603630 0 2131
860853 0 4899
-445274 0 4206
404081 0 935
-915599 0 4622
-411751 0 3020
110273 0 4446
-216289 0 2663
-20671 0 3666
-588497 0 3974
-872156 0 4635
770204 0 4468
-691038 0 1463
238754 0 35
-738694 0 4421
-247565 0 2452
-316295 0 860
-474611 0 3295
776552 0 1489
807476 0 2098
-970923 0 3663
523584 0 4101
936000 0 2268
-902628 0 1040
299901 0 3862
-244004 0 4408
-136011 0 1481
-160350 0 834
611813 0 1826
46504 0 1308
-704896 0 3862
-490019 0 1272
-512545 0 3456
-400701 0 406
-407742 0 1200
-49698 0 2588
-412289 0 874
-427931 0 3175
696748 0 2500
727337 0 3874
430626 0 3697
-796714 0 1526
232938 0 889
-779114 0 1792
916723 0 1167
-380027 0 4895
15295 0 16
744613 0 582
-547989 0 450
656476 0 4672
-739574 0 2413
-330244 0 1932
565950 0 75
-694711 0 3003
694552 0 3173
697420 0 914
-126120 0 489
-768876 0 3009
32077 0 1879
864632 0 1388
861963 0 4696
126018 0 3538
-995250 0 1346
417290 0 244
760556 0 3399
-706376 0 1084
337918 0 3380
918092 0 2877
156050 0 2820
411299 0 4179
424078 0 2015
-458232 0 3099
-770274 0 4334
-82875 0 4696
515621 0 3039
193019 0 4757
-127133 0 747
-375285 0 2801
-344533 0 2244
390935 0 4447
-691528 0 595
-130094 0 2643
-262989 0 3385
290740 0 3778
557340 0 2743
473014 0 4879
404207 0 1534
120404 0 3560
-437608 0 2858
-747772 0 3503
711245 0 3957
-814304 0 4005
619756 0 3526
623453 0 1226
-492267 0 2537
126560 0 2309
-816906 0 1220
-749093 0 4228
798496 0 880
-593910 0 2210
808758 0 4531
828357 0 3928
-926658 0 657
-925523 0 877
611250 0 2345
428848 0 3362
-241007 0 2315
-987116 0 1640
830354 0 4694
366766 0 2165
343715 0 2716
891903 0 1192
707210 0 4660
396061 0 4117
-108495 0 2159
690122 0 409
-759343 0 3184
-952226 0 2783
-673519 0 445
-650649 0 473
-607744 0 4601
-867086 0 299
69773 0 4199
-662917 0 43
-355818 0 3882
582400 0 2639
-406380 0 3858
-330017 0 3129
407246 0 3111
786647 0 476
-225167 0 425
-272759 0 1327
608262 0 3993
-483306 0 4535
164706 0 2229
34860 0 227
-566804 0 4833
513348 0 4920
871364 0 1071
117172 0 501
415520 0 3914
620101 0 4146
-587576 0 2911
283386 0 2856
-891391 0 866
-255677 0 1252
-360499 0 4453
193086 0 3839
566495 0 4817
-494838 0 1855
-623756 0 423
301101 0 4794
-858771 0 670
-876004 0 1150
-187508 0 4441
-945354 0 2764
107718 0 3767
-270803 0 1378
-977755 0 2375
582600 0 1020
551833 0 4493
-672614 0 558
-857157 0 2224
-138423 0 1772
146673 0 2411
17362 0 691
-103383 0 3823
-656449 0 4710
624280 0 2051
612886 0 1785
-540534 0 469
182454 0 61
420454 0 3834
825894 0 431
-316277 0 819
675817 0 2306
353396 0 2726
-605470 0 1948
-438257 0 3058
-490069 0 4543
973071 0 4157
661358 0 1304
-768418 0 406
768510 0 3142
-782599 0 653
560536 0 4203
-861579 0 583
-60915 0 1000
-257033 0 4888
-971605 0 4284
-836746 0 1821
213490 0 3936
965073 0 4780
665134 0 180
-825605 0 2648
893233 0 2171
-887546 0 2674
553249 0 3458
506311 0 3059
-506047 0 1625
862743 0 3162
-903887 0 2754
598313 0 2595
-51482 0 4550
-622281 0 1708
-970100 0 4957
-915345 0 2049
-720290 0 382
-182425 0 2852
888232 0 2416
705978 0 1447
691937 0 3320
228044 0 3516
-901425 0 3007
134102 0 3683
745249 0 621
330408 0 908
409593 0 3578
-960162 0 2377
-178133 0 3128
679170 0 785
-747028 0 3241
522723 0 2387
74519 0 531
-655982 0 1559
-684595 0 665
591993 0 2418
849284 0 1508
813883 0 3051
-528492 0 2963
516726 0 1849
-396433 0 4059
-881383 0 967
-164506 0 2237
361773 0 285
658278 0 3353
316101 0 3865
961737 0 664
-684506 0 2119
445510 0 138
-404663 0 316
-541439 0 1009
222464 0 4126
611184 0 895
-206649 0 1358
268177 0 3060
966800 0 2099
-414887 0 1738
-173769 0 1216
-583907 0 767
-312778 0 1287
743329 0 1309
-399390 0 4113
459475 0 1557
821082 0 4491
-488632 0 31
-642489 0 2462
-423751 0 1776
793980 0 1047
-199004 0 1208
43374 0 4749
-375045 0 4913
-363614 0 3047
-502289 0 1337
854053 0 4573
585443 0 3032
228695 0 4961
-432773 0 4059
-446017 0 4163
780940 0 2560
-483991 0 3121
-392742 0 2809
-640654 0 3331
12637 0 4016
-610917 0 3322
-247418 0 937
694436 0 503
-188492 0 2536
689914 0 1302
-614182 0 3007
724206 0 2159
575765 0 3922
984195 0 1925
-661819 0 486
284088 0 493
436120 0 1672
346912 0 843
53532 0 2887
890831 0 3949
285261 0 2350
43475 0 392
-643791 0 1826
751223 0 2200
-140766 0 2772
970433 0 750
-569987 0 4147
494927 0 2929
903635 0 2816
-617335 0 1754
453750 0 895
-270713 0 3132
817834 0 266
375263 0 4105
132098 0 3942
-505550 0 533
975153 0 1514
-394071 0 3044
551002 0 2742
-881883 0 1750
16234 0 4154
-64227 0 666
-203674 0 2290
982352 0 2671
-600857 0 1416
-753982 0 1760
-962714 0 4478
314194 0 92
899097 0 1928
-9327 0 2666
16285 0 361
415195 0 3182
-971235 0 3121
919544 0 4900
102592 0 425
13569 0 1594
-980122 0 4273
-259470 0 1516
370175 0 2679
-732127 0 146
-252351 0 1024
754850 0 29
-39688 0 4136
-978660 0 1951
-994638 0 2608
973988 0 1983
239714 0 1884
-311774 0 3350
938068 0 1881
489682 0 2271
-583680 0 4438
174031 0 116
483077 0 2465
101969 0 4602
-503534 0 4720
-646019 0 4133
175373 0 1591
714663 0 1746
615290 0 638
-687650 0 1104
-510246 0 3349
-908059 0 231
-580659 0 3251
-909612 0 1906
42357 0 136
779284 0 4276
197425 0 2366
213085 0 3282
231807 0 184
-136910 0 273
-47793 0 4473
428762 0 1338
-419698 0 1759
942101 0 144
-240701 0 899
730255 0 3460
-197766 0 391
892173 0 3995
888940 0 3277
428582 0 1072
600229 0 2950
-158155 0 1228
205351 0 980
30879 0 381
682420 0 4626
875306 0 4157
439200 0 4598
-498473 0 199
848176 0 799
-17674 0 4665
-508033 0 2796
360550 0 456
263544 0 1076
-172952 0 2267
763610 0 4778
-577672 0 4404
-580247 0 1302
25416 0 4232
-415079 0 41
-513754 0 3852
894102 0 2344
-246305 0 3907
-362725 0 3478
584229 0 76
559043 0 4675
-107521 0 3832
867419 0 4959
160367 0 1579
828956 0 427
-522511 0 4223
226933 0 4944
136202 0 278
-299662 0 1307
274581 0 3854
114704 0 316
-768546 0 4860
709612 0 246
-897260 0 3247
741178 0 47
-794535 0 4015
-511282 0 380
-67559 0 3650
-919378 0 67
21749 0 2481
551467 0 3088
-562852 0 4342
-695072 0 3309
-305514 0 4991
-156822 0 2308
271438 0 1191
-866387 0 3094
-108755 0 2227
-897352 0 2149
-565683 0 1868
-433357 0 890
-27572 0 2967
-157032 0 4355
-593503 0 1860
-959517 0 867
490869 0 2037
-863019 0 163
137029 0 4307
-742470 0 618
-48525 0 3697
919766 0 1131
53773 0 1654
206961 0 2707
-284945 0 2347
-550090 0 52
106154 0 416
-931940 0 3848
824130 0 4199
-697501 0 3755
143550 0 4720
-748494 0 2168
799460 0 1191
700021 0 2657
-721385 0 1861
-227613 0 4008
-687219 0 4946
-789537 0 2108
8053 0 3342
-375484 0 1722
318600 0 3947
-471271 0 4635
-329585 0 2440
-356792 0 4277
377061 0 2672
-17590 0 3575
-33482 0 2848
-792382 0 2844
-912079 0 1879
346200 0 247
-15230 0 1392
-901506 0 1762
-877368 0 4572
-183589 0 423
775975 0 4966
409658 0 568
163571 0 2447
-265531 0 39
303435 0 2997
957340 0 4348
488554 0 1397
-594880 0 4518
89433 0 2814
748790 0 2346
701235 0 4243
781323 0 4304
-284582 0 3924
435355 0 3407
891374 0 3381
974225 0 3495
-165822 0 325
-490135 0 4354
-288428 0 3440
490369 0 3738
81922 0 815
-813065 0 602
607224 0 1941
-425905 0 3526
-845384 0 4707
-590085 0 1767
-62096 0 3483
479463 0 96
511429 0 4854
-819993 0 4319
563090 0 1771
-750247 0 2895
649529 0 1969
288501 0 2780
-573936 0 3263
577268 0 4123
-573909 0 765
-218168 0 1512
-424407 0 2549
28609 0 3380
-937708 0 4006
131372 0 4306
626256 0 3829
816382 0 830
-762050 0 2427
-115804 0 2601
913556 0 3652
-219707 0 3821
29666 0 4510
843531 0 1920
-429451 0 3459
-291724 0 2791
60704 0 4433
-432673 0 416
-88963 0 183
136923 0 3564
727631 0 1058
-197283 0 970
-794372 0 2639
130581 0 671
206389 0 2311
632525 0 2326
475028 0 4330
513303 0 2739
209998 0 3534
130461 0 965
-720725 0 644
91336 0 301
590748 0 98
209445 0 4205
131602 0 2594
340668 0 3620
721127 0 4967
-322172 0 2029
242307 0 3853
924272 0 1554
833044 0 3511
-835890 0 1791
764719 0 4967
-890535 0 1566
-399566 0 3329
312612 0 3056
972243 0 1618
369162 0 1168
-720180 0 4679
-854883 0 1485
-42190 0 4849
633277 0 121
-530672 0 2508
-157980 0 3799
-151631 0 2901
772979 0 2088
-464182 0 4787
-124317 0 2773
529091 0 4805
-990521 0 792
655078 0 4550
518150 0 3718
136203 0 902
-163600 0 4060
232478 0 817
78436 0 2807
-891641 0 983
-674500 0 2684
-501766 0 4698
-673834 0 2398
-931692 0 1383
-230191 0 4951
716078 0 158
319547 0 4015
834215 0 1776
-682074 0 2683
217034 0 2421
189986 0 2147
-308787 0 4251
-77944 0 4258
-114017 0 2568
366396 0 4906
648613 0 353
248092 0 1798
-778681 0 2748
-356815 0 4097
-858432 0 3509
782277 0 677
-434517 0 485
346653 0 222
-155265 0 3848
929781 0 3946
646626 0 3191
-614809 0 3054
580619 0 3667
-45963 0 3879
136378 0 1954
-473040 0 2119
402369 0 3726
695345 0 2636
76781 0 2513
-860616 0 4776
238290 0 3134
256679 0 2944
491883 0 3012
299876 0 604
-238627 0 4519
510260 -2045 616874 1770
889775 3697 536213 1087
442653 3928 130687 3174
234131 3924 67919 4115
930809 1117 91000 1049
971888 -698 127522 2402
988595 4031 155657 2035
8115 -3876 750868 2499
204805 1745 275080 1185
916538 -431 695330 3581
225174 -3932 793 676
358279 3780 76222 4692
748266 4764 447538 863
809432 -3484 988362 3290
455087 104 60564 1275
353851 2409 14829 1092
832380 282 9719 241
259596 -45 527934 2728
860340 -314 969708 4401
8479 -3739 241052 4227
765583 4295 144362 2548
739244 -1025 399163 2692
650719 4409 921101 1390
134479 -2459 543524 3178
844642 1073 769606 154
708966 -2368 583313 3974
76478 734 867455 875
861252 -1899 184303 3234
383503 2826 65203 4458
634855 2179 675664 712
401618 1333 580680 3326
880524 2778 552131 953
385196 2613 778400 4614
968328 -3700 410164 1141
121752 -3957 348166 4009
908244 -1750 245932 2169
50432 2593 685313 1793
548641 -4218 785157 2091
829430 -3210 405355 271
952625 2385 119219 3120
258387 695 648666 2233
262815 -3262 676841 1997
360016 2792 530545 464
950537 3516 271604 2861
204865 399 898303 4699
625961 -2655 519510 415
809848 1735 783969 2152
106484 -1984 906711 2684
709581 -2298 295350 1686
887367 3369 705278 4861
858100 4243 153281 4165
562831 4657 389927 3839
401624 -3276 509546 183
585340 597 84510 3279
357013 168 347101 1529
393364 -1655 917849 225
395629 2816 546887 4755
883000 4946 466784 4305
173666 159 636380 3527
879051 -4483 337650 1429
492286 -4373 315289 3847
854430 1434 66174 61
291835 -576 95847 348
292807 2876 532291 366
858142 1076 415359 4318
788628 -2662 42605 4154
18054 -4046 791668 2626
336179 1071 691786 4717
375825 -4329 244156 4627
439511 1735 645934 1143
3561 -3210 72333 791
34018 4413 169279 3053
806855 526 973211 3334
284216 2993 448894 4561
728572 3206 770881 62
321495 4098 7655 4651
490749 -2326 154223 1346
448324 -4999 458821 2068
424401 2658 654524 2355
803402 4398 903398 3897
347877 -219 846951 994
680168 -4667 414085 346
67917 3445 297991 2129
88798 4792 163176 2694
255498 61 283386 530
315623 3532 154505 1539
483129 -1899 178199 2804
304042 4497 388913 338
266912 -2706 642944 2006
612951 -586 524146 236
989043 -2000 736326 2536
832053 3981 383110 4757
586614 -2900 122819 824
768042 1454 399956 547
799268 981 941917 1488
435033 -4526 539049 2499
746095 473 417220 2481
546487 -2996 449287 2628
236628 1837 43017 1338
906229 1917 588484 1380
427657 -1658 938291 1364
156805 3858 615076 686
899697 -310 165897 3029
915616 920 676201 2145
303620 2249 872305 3844
332623 -2609 920060 4778
751940 2000 711636 977
23612 2475 710469 1821
701918 -693 197111 733
655033 -42 276177 2653
341212 2543 873676 2064
560509 -3758 858958 3350
581877 -230 897179 2048
223822 -3059 864599 3047
133335 203 98734 3436
12245 1328 378509 2971
723635 1462 183539 3331
518095 1106 701668 1995
354598 -3766 232362 3594
975276 4838 921654 3777
392082 -645 938187 4493
36555 4206 152983 1881
355123 -238 687313 4604
596994 -4764 399044 1217
965005 -3885 603259 1034
270693 -388 3270 181
687213 3053 390061 4166
856349 -4934 53500 2890
900334 -14 911920 2149
263172 2563 477942 669
890492 -4384 72258 1321
482852 -4218 161787 1047
974351 -2621 8184 13
890599 -4763 364064 745
857614 -591 438955 2533
34262 4490 118647 1411
71520 -1059 968328 2733
807077 -3191 787091 3005
407994 -2779 656961 555
400391 594 871307 1402
986703 258 451427 3122
75876 1647 320479 3992
529412 2049 505167 2211
284908 -2054 571666 2634
746291 448 587615 1700
697854 -1155 513484 48
71814 -3142 707439 988
309914 -4808 434551 2827
439423 -2495 389256 470
840566 -2484 528712 4915
178414 -30 830928 1411
110694 -4082 664122 1362
471342 2555 590520 1591
690630 -857 793944 1752
71493 -4973 637638 188
280749 3285 385275 3467
78268 3665 86103 3154
229940 4397 729539 1114
182253 -1857 178463 548
698764 -3142 958150 782
874915 4087 502137 500
701021 -58 932898 3681
918704 -2334 879462 471
64766 -2895 239882 3975
710372 3520 211155 3070
633189 -1845 260562 2123
642551 3206 316101 2287
394467 -2890 19022 1036
524996 1018 614422 395
518741 -283 681547 1084
596302 2551 717530 860
864084 4899 55514 2010
730601 -1154 430329 1332
165035 3173 289725 4834
574702 -2342 772293 3769
462939 3440 855960 4823
23003 -3632 937694 247
731694 912 171933 332
126592 -3322 490442 603
596926 4415 266536 1184
797411 4891 826017 4794
280880 -2321 306868 1092
754163 3657 982041 4901
391465 4275 129303 1542
873980 -3462 250004 3465
92175 3722 964633 219
804938 337 664106 1566
348215 -1860 11022 3061
458244 4181 366951 316
879546 -484 175023 74
295405 -4838 311691 3171
503288 -2214 789666 922
424496 2778 809437 533
417073 -1626 644972 2694
393153 -1094 78503 2639
143623 -821 575537 3623
775893 -1664 118922 1285
819959 -4463 336727 4527
690910 -386 410926 2576
535789 4671 116452 2299
907409 -1808 910607 3857
954454 -127 280339 1590
653432 -3495 305345 896
400457 -3375 886714 421
227100 2839 270526 3627
718468 -3434 348841 1421
415216 1953 499264 4105
269512 -1996 239313 2205
654238 -841 630888 2839
364239 1912 697597 3230
916598 2232 400363 1468
415469 -1979 154748 3377
324277 -2495 668064 157
791027 -4052 63805 2618
562464 1122 29710 2087
765431 4780 652382 4893
285671 4962 210654 2051
43199 -4940 952985 1577
595636 -2488 546026 3211
838705 -805 365694 1769
392264 -176 936076 4911
99178 2108 348550 751
20148 -2806 580977 4580
783694 4317 962019 1521
479367 -201 702885 1393
118217 2933 185622 4772
456742 1311 232484 1805
700187 4924 544672 431
502978 -1324 457813 1851
500067 -1723 814217 4040
342039 -4438 400402 688
734589 -3348 505346 734
156286 -4121 476632 3523
977140 -2660 59859 2250
441035 3898 14273 145
811444 2368 565338 4825
212734 391 630578 2729
656620 -1468 600181 4888
770868 1797 567801 1375
725575 4757 262501 3010
447470 4843 192440 4
788745 -335 414966 1343
827353 -508 381315 956
493135 -3190 754441 3360
557564 3447 112701 4034
940326 -213 731232 3135
79710 -3269 25272 3482
594213 3255 930082 4368
649108 -557 215374 1183
493570 -3337 409547 139
5355 2641 553079 4608
380100 -691 843412 1070
848757 -4100 46189 2065
841334 -147 475691 4681
935439 2106 300696 2994
636749 3973 20765 4223
856335 4443 861963 4751
43328 3104 285425 1479
357406 4063 527957 991
438462 1093 273469 1437
652134 -4480 944660 4981
727118 1028 728963 1338
725049 4552 585931 4534
432144 -4715 155945 685
657876 -2490 718585 1668
715656 2286 923668 3349
171747 -476 381543 4679
210095 -4132 593006 2359
319444 -1434 662606 3090
673917 -1885 546320 3958
935049 4936 718658 248
780186 -2980 83833 949
470670 1548 948195 1983
461896 981 965687 1735
559421 -4464 114565 4806
177801 4207 44221 1178
404791 2156 392474 49
244294 -1642 843464 4887
9211 -719 549756 476
657257 2025 480705 3147
415773 690 427276 1837
718269 66 961794 3749
877978 4171 555465 2364
555631 502 323737 3466
273825 4690 195815 1315
741141 -4832 910432 4185
953860 -4855 362212 852
741348 -119 518274 1090
519080 2257 891769 3693
186894 200 915041 1239
417255 3294 437210 622
851290 2820 74852 3614
340776 2784 289681 1202
269494 1700 770169 4867
387676 333 797070 2930
806191 3910 523679 3729
526581 -4672 534472 1342
416277 2239 665373 2347
757605 -3845 911525 3799
605176 4476 471080 848
226781 -1998 391301 2698
993528 -3537 674079 2821
576123 938 147101 1867
350423 3749 963967 2311
233325 -3171 573300 1764
809542 1361 981602 1515
941677 -927 724709 4676
359863 -2731 548512 265
141691 4439 82626 3060
262947 1142 584108 3354
851348 522 3701 3067
945688 -3388 604833 3581
251345 65 838462 4704
943859 -4204 600812 1209
700160 -749 768535 280
405813 1104 715459 2111
715765 -4143 526449 3714
578872 1780 286465 2788
987728 -4016 957945 852
221577 1771 938074 2942
824798 993 987481 1732
354469 2723 909654 3791
870188 1982 11929 2349
149703 3279 616546 4958
547415 2469 945124 828
642305 -1546 24073 1272
954614 -3601 198345 816
695363 1167 27295 31
425377 492 96817 2142
793601 -4288 150476 881
696942 3704 974669 3017
836128 475 425444 972
376725 4858 575349 1214
407425 -1513 721346 2282
775361 4353 247673 1215
279609 -4246 197979 277
754371 -1722 594420 839
272607 1853 156098 4167
120251 250 642889 2390
519727 1241 993502 882
182216 -645 968587 2719
623870 -4261 981963 2657
158075 -703 636519 2634
217386 2848 361126 1267
35381 -4315 277110 75
491878 -4707 450187 3074
2858 -280 532779 510
907803 2177 900184 327
55167 -4099 975727 2712
864101 -2517 500882 4630
744105 -643 540919 1990
105304 -510 491716 2445
303559 1675 790741 890
784286 -2615 743149 1384
37337 414 270088 4698
421036 3350 105964 2927
784577 2427 377901 465
814675 -3471 390683 4056
81167 -2513 35337 1095
976091 -4814 786604 3788
35398 3563 22577 4215
328146 2270 568320 4852
821550 2326 835471 3709
457710 2504 89049 2647
253450 -251 76857 121
180658 1367 791772 1907
60478 -3584 894276 2354
775154 1655 541634 3889
106947 972 271755 2327
303994 4774 630813 4600
883 3268 308815 228
402604 -4245 447852 1995
150235 -1291 988906 3116
299515 -387 808036 4820
237318 -4582 787464 2427
548139 -455 138844 1252
452192 -1174 860608 788
297409 -1257 469137 4025
287668 4664 73376 2652
600962 -2947 643979 1053
134943 -4556 910721 1814
87117 4074 288876 3303
500260 3463 68992 2712
448132 2500 250648 3394
735702 3504 170373 1807
563453 114 529865 3065
907134 2006 306858 4898
695667 -4294 712170 2018
33911 -3752 624463 4632
497520 -2639 4084 4045
225574 3741 98918 2055
38291 -4751 883453 987
451188 1220 551618 638
282700 1616 123832 3142
395061 4919 257665 3876
120618 1418 507549 1932
16220 -4423 119038 4080
712211 3791 440925 1669
186319 -3875 773541 1825
972195 1112 765487 427
482811 -4474 223220 1937
769856 -263 946366 3806
772376 -4101 302624 2278
266494 4408 736547 847
26260 2350 372350 852
934631 -2419 604624 1706
97762 -4446 685181 2524
574291 -4292 786773 270
306948 2807 887146 3024
169956 2591 998901 3660
736585 2477 106437 4317
859403 221 784202 593
141642 4528 312659 1912
11640 -4398 790303 1235
598884 -3263 163119 3906
581032 1678 561779 4027
600886 13 584402 2431
135349 -3831 282940 2818
270244 -2985 315110 316
588012 -3910 311549 2234
263332 -3744 410981 4422
125074 -693 482117 2957
873189 -400 292024 4900
25133 -2874 907948 1340
858133 627 226693 4557
464482 -2512 637819 1459
136805 1639 446497 165
822892 -3725 647293 4122
213193 -1037 619724 846
816239 3654 231394 3007
504612 -4401 558327 3661
681016 -249 32409 4756
195932 2484 685614 822
953745 4042 579653 742
307034 -2310 117256 4390
523205 1196 71650 3111
120975 -814 313585 4673
749823 -4993 757162 1526
773270 -1325 166190 2809
944923 4095 802087 3242
523617 3720 855047 1982
736690 1163 361281 2164
487884 3702 256872 3320
867774 -4197 562444 4343
287399 -2422 586877 3064
288165 1596 540756 590
855172 -3570 66914 2586
302770 -4930 123002 3375
241874 -2013 93604 2370
966156 3165 359659 231
636514 -4728 382905 4019
88329 1884 336927 4220
961459 3936 152753 1203
952429 2020 137952 2262
205048 -3692 345078 320
606021 -2029 430039 2372
604244 -6 353253 3943
424077 4761 417608 749
107611 469 693667 2985
104355 -4283 437415 586
429806 -4621 10317 124
748085 323 635112 4168
762413 546 935601 4725
380863 1930 904852 1071
363165 2599 673215 3213
131907 4928 338246 758
19148 1180 975026 3712
938857 -4692 437140 3924
652472 -3202 346197 1219
798170 268 383409 3662
650304 -1409 135948 3530
221536 3419 920721 3161
165522 1726 169458 1039
602830 1378 618617 3965
789411 573 55881 1579
449546 -579 583928 337
829133 1105 347919 1006
974559 1674 218260 4640
225084 4826 522511 4148
514684 -4748 438894 3516
618059 -4939 719792 2078
26758 229 39091 1958
281044 4772 371904 2343
869453 3451 923975 311
53594 4730 985972 1704
735198 -473 300005 3523
987967 1246 511568 610
481520 3920 988766 2529
265958 1153 49340 2997
465812 1394 502956 4702
980598 3010 686592 739
838456 -3987 449522 2293
312886 -2742 439757 1934
2306 1991 726578 1856
612974 -439 640505 2138
394707 366 988556 3800
341687 3121 252324 1012
244200 3193 297789 1883
342597 -2999 924736 1138
444837 -3605 128371 3623
836388 1502 959153 1107
830065 1005 736279 3825
887513 4121 194061 1888
996109 2373 879265 3785
359308 4537 417562 3640
865373 3529 276830 1301
6511 -4057 776168 4456
164880 4484 885551 3411
18288 3984 151516 1288
790382 -4922 587612 2083
384657 2815 322067 4029
309536 -645 649602 3257
516875 191 841925 2225
310548 -932 551861 1457
437682 9 952653 2388
423797 4389 765699 810
676296 -3714 194459 429
804840 -2984 754005 2019
175883 -471 117173 2250
307542 4510 798980 3467
174460 -1202 281943 4545
560654 -4062 669537 556
618425 -920 142633 1772
84947 -3397 636126 3401
121501 -3547 590358 4257
101001 -4558 896018 282
888456 4724 922125 1944
111199 -3282 388218 3572
483688 2890 947717 1822
823520 3151 432266 4850
536583 -1622 915161 4494
561765 -1814 569865 2632
315345 3887 947645 859
898187 -4493 749846 4422
696315 244 292110 3455
643733 -2427 66812 3526
165853 -4185 822005 3930
174420 -3254 349810 387
631125 2927 40219 2704
482223 -1046 126427 4426
564851 4598 76401 368
730485 1353 256551 1749
205917 3499 242010 4421
281822 843 24929 3968
319081 3744 968337 2380
827828 -2229 94779 2778
686413 -2009 165270 1289
889347 3936 741351 3934
317089 4102 268796 4308
461121 -3961 161588 4763
614036 -3022 129773 2585
735987 2341 498891 3152
134805 -230 579688 3814
101608 -3600 933567 2410
499761 -4364 16912 2373
428305 902 263459 2557
784631 2994 336315 2483
236240 -3362 164623 3748
15432 311 951137 1018
57120 244 569264 4774
667261 -1572 801759 1273
628142 -118 603067 912
968187 1788 286371 3220
876774 1782 114272 3284
81470 1546 430392 1330
494986 4165 898556 964
274369 2248 67538 3935
234519 -1932 430853 3750
811413 -2939 447051 2471
99976 2442 806682 3229
523316 201 57475 2292
606502 -2678 364001 3548
982703 -340 834669 3102
174728 430 661963 1524
397665 4988 798281 666
149015 -2255 536159 3317
219193 3272 311835 2559
197773 -4513 217889 1324
231025 -4495 509153 4768
79985 -178 729329 3714
588203 -3031 215136 5
799986 2655 784157 54
120924 3049 116833 676
125153 2620 720611 4568
753841 -2489 352373 1275
544441 2410 480375 4122
839266 -2104 538005 2154
731930 -345 89013 309
609602 -2800 70298 547
710753 -2658 633705 2756
33728 -2533 438616 2455
152014 -268 894660 2042
260810 3298 940634 4510
493656 2878 769782 615
348383 33 956062 4005
193493 -2710 120327 4840
878218 -1737 410441 1429
682155 -713 212758 4764
796403 -2363 278937 4664
973869 -3795 214754 3922
888135 -2923 208702 2797
31170 924 708433 2519
180627 -1171 48403 2141
475077 -266 762873 1070
118359 3270 953521 3312
106204 -1813 776195 4980
692900 -2893 341066 1461
418730 3601 719082 1044
218388 3178 71630 2637
194682 2139 879753 455
597114 -3269 461330 1670
510988 -2430 727358 4369
448280 -4129 950191 4055
273055 -2426 93705 2204
954682 3993 928606 2294
261638 966 114319 1962
676165 -1289 254122 4275
724351 -4895 321792 2389
227126 4235 336438 3943
285477 4847 155970 4833
245182 -3364 897431 1478
937875 4414 138582 2285
294428 -4060 141227 3293
525978 1356 32626 3968
254917 3382 910214 1257
157638 -2758 516118 4740
858235 -1972 537475 1399
579212 2127 141884 3020
906257 -4285 316593 2432
233330 -2512 15880 3767
166552 -3569 32776 3773
674933 -4856 700203 544
811420 -16 924911 4045
48068 -1280 412198 3214
505992 2067 85872 3722
402061 -3720 707772 3476
741065 217 825917 2982
653270 4173 692837 3529
890840 3609 709322 3112
152896 2150 616643 2902
799645 -2521 732 756
468294 3360 165007 3043
605094 -4280 121005 3185
592904 778 111317 579
474933 3506 181068 3764
449622 3891 715144 4453
416601 -4124 104148 3297
696686 2346 782474 4317
985600 1892 565986 1465
204554 -3426 99970 3267
525050 -4487 210901 2081
642923 -1421 257684 1565
536720 3225 503829 3769
863283 4320 342278 4382
493406 -1735 808717 1251
431716 -3886 244363 3445
593680 1661 919079 1635
704273 1408 285495 2584
791919 3283 247173 878
561574 -1399 573035 3278
837735 -997 831382 4376
605031 2009 198323 3198
691174 2367 16042 4444
420647 -1822 87028 1374
366853 -3591 566192 2445
329460 -666 74250 4169
621139 3168 454156 2498
527831 -126 864677 1520
273155 2530 478301 2776
839404 -3639 597298 2748
196507 -1009 742108 3563
89320 3761 100785 4436
847896 -3929 642187 3586
627613 -4140 365554 1068
245130 2998 383743 293
840490 1550 535425 4229
334947 -371 431864 2967
629304 -2236 917792 780
856920 1668 903340 1643
461783 -2341 968292 2839
837536 4700 881318 2557
229029 -3796 531747 2756
747470 -3867 583947 3694
95743 -1539 991231 4792
130696 1425 420554 370
962253 -4286 634975 3782
996105 -3949 722694 2460
867371 -441 296543 3137
735813 -2762 498514 3727
533699 1034 601381 1075
479224 1210 64559 3218
539581 -4785 829541 2732
421166 2411 978860 4060
187933 -1015 322740 84
825806 3097 679112 1762
331174 2713 202298 3516
237454 -4670 804740 2918
667380 4176 684881 1265
617205 2843 770823 1822
919658 2107 911771 2557
275651 2351 754734 3452
871140 3669 219081 1622
74642 -1140 164851 201
601865 1166 908738 3593
503426 1899 481928 4386
378531 -2514 416315 792
319776 3788 388499 3422
73972 -2322 336647 4940
85499 -4153 223829 3922
274633 -882 365788 3950
347545 4149 436260 1286
619152 3487 468501 5
204406 -3847 507796 2018
673547 2110 519821 656
288371 610 650529 1489
721885 4045 730655 3979
834814 -4630 236041 983
791870 414 60221 4777
997646 -4140 149536 4608
892891 -2880 934148 2635
445541 3711 653374 4466
820725 -1047 150189 1799
469641 2541 952740 3613
320865 -3135 451259 4212
635282 2458 783675 3230
561909 1223 410069 2868
338825 -3210 125371 524
495823 -1043 99149 2927
622151 2 962488 4151
218314 346 808191 2863
787804 3070 456243 4438
910299 -3673 768208 369
146156 -1499 610197 217
320792 4834 32904 1224
322537 -2293 422071 3203
903735 3017 628941 317
5717 3976 392515 2555
564341 3005 987231 931
186628 2603 148687 1365
907257 -253 851818 1031
572279 4295 628644 1753
991867 3890 812897 2055
354040 343 792267 684
96967 -4989 373114 3474
255883 3329 995122 907
272786 3567 23082 872
79190 -2474 250739 1757
547603 3129 316817 2882
445883 2232 969234 785
251187 -338 378073 2572
143188 -4721 870321 1736
978150 -2772 821926 234
246067 -491 408873 4303
208257 1165 241558 1374
234593 -3328 198209 4638
889781 -3613 142749 70
742352 -2001 446182 3009
387572 1529 924214 3988
396060 4327 524547 962
782397 -3007 53559 3410
589648 1603 808684 1638
387214 -4055 217833 297
713005 -3897 942402 15
746441 -4578 253383 1445
214353 1640 86741 1010
199654 4949 368979 2068
148975 2260 692226 4485
19407 -1644 960765 3340
983183 -3186 817770 3999
893867 -4953 244774 407
704137 -1961 639799 3763
306944 4856 504661 3185
218672 2960 264494 2679
475648 574 724640 153
39182 -4839 154309 2295
162155 -1624 839705 87
342843 3279 45895 1979
413002 -1198 989931 2860
107219 -2234 446045 3050
633868 -4639 212299 3016
192033 4719 128735 2585
199022 -4969 384201 3522
65743 199 771997 4390
189666 4684 686159 1548
652948 -2736 243094 4002
407071 -571 517173 4677
478466 -3518 210579 3856
676251 2423 737934 2896
89452 -3281 602576 2162
457173 -2362 236412 3561
708226 -1341 101640 2193
779300 -1207 893312 54
649636 -4653 463114 928
2469 -2604 930882 21
657730 -4132 820409 3084
845946 -51 877376 3769
81543 2350 308675 288
462283 -705 850012 2414
707131 2518 676179 4760
741248 -178 896468 2817
694747 4829 53114 1271
842747 3138 704302 3203
520663 -1414 281123 3769
611178 480 184186 1607
830242 -1868 9015 3289
595739 3951 474228 2561
585578 1771 585790 4729
974717 4750 339291 469
10747 -2233 408289 3463
383855 2203 397362 2162
719291 -2323 584041 432
901950 -2019 41916 3739
123924 -1939 166061 118
684942 20 130549 1273
295487 -4454 138803 2984
291955 3984 130418 3551
403996 2527 993982 4558
244621 -4833 40059 1043
794585 645 749097 1740
822117 837 497063 1075
283595 -207 190737 4992
878684 1519 451517 4898
894915 -1376 214195 3826
353787 1547 752255 1724
551640 3999 79201 3542
510504 4865 466274 3914
718279 1482 902768 1170
451552 -4608 754767 2655
863986 2644 634775 843
947630 -3746 760550 833
11750 221 557350 4693
477338 278 518914 1475
741391 4415 762912 2097
723069 970 706742 1877
750762 2224 571947 74
52595 4045 202681 1035
784431 -3835 573039 1979
500788 -550 500795 857
589380 -2670 82676 2903
877844 -2799 236738 4494
147306 387 231592 2073
807247 -1283 653699 4255
843025 3132 801530 737
128292 4830 831518 4001
117504 716 546065 148
525722 3243 546351 2725
574405 4283 525128 4331
56446 772 565595 2880
639777 -3625 320460 3530
124928 -4288 435178 1865
454431 1472 640322 2525
316204 4621 553329 2634
859180 4325 148955 282
245944 -298 741671 166
751356 -1450 460664 2704
657076 4725 403807 390
368067 2597 621662 4305
912385 2066 574669 4336
121638 -4655 53909 1754
590021 586 252192 2544
629548 2074 123583 1108
2766 -2218 537185 3092
141411 4831 469338 4127
819961 -3151 510976 2755
263775 -153 31329 276
50300 -1052 805719 3813
105723 2734 394310 1682
188579 -184 542865 2718
519816 312 123476 383
847455 -4292 669566 150
128780 -3821 828150 278
505990 3868 317019 4134
685224 -2283 896847 4713
63489 4732 321939 866
209380 4546 126253 3203
646906 -1169 831727 3759
815671 2853 912618 2587
245 3279 540864 387
180537 1453 445952 594
544283 -3608 172620 732
776542 -3307 208324 2756
219957 -2983 945544 4148
162997 -1148 306372 2910
312849 1231 292951 2689
436852 -1795 589254 3238
349807 3861 879836 1300
114040 -915 919944 585
340782 -1994 930343 4456
310983 -4631 936248 1213
762161 -1245 64329 3612
524514 -1691 520881 245
267574 3638 968771 4626
769671 188 229066 4645
158670 -3516 763408 192
927260 957 34636 86
102514 314 458972 1633
755626 -319 759260 468
980989 844 9034 2447
995590 4166 816807 2315
211911 -2610 90611 1349
116500 -3219 313915 1254
934579 -1630 26320 1701
611742 1324 776157 1723
432819 3891 362884 2614
549858 332 81851 4093
987657 -4922 549493 359
541616 -3722 405177 1569
773904 1316 645408 2597
610555 1240 853491 610
179881 2714 401946 2870
246731 2474 27488 4636
748538 397 868325 1500
138360 -2664 725941 2366
473849 -422 721713 1824
76414 3566 998471 674
372296 -2459 941747 3050
598533 -4150 565585 1759
22223 3443 16718 4276
715645 192 106815 4842
548206 -2376 309786 2166
619986 -4695 90427 136
805945 3107 142969 381
163693 3732 183036 3056
509495 3869 42732 2461
842262 389 193920 1685
582786 -4267 877108 2511
196764 -2367 472872 2772
935104 -64 789154 188
131441 -1061 989088 4650
230136 3960 45320 1099
671574 -1467 471063 4502
313078 4042 753308 1185
88411 1291 433291 1167
883538 4523 645817 1880
862597 76 74075 4860
727687 -2172 504514 1958
655674 -3002 642711 4737
256785 4807 577257 1380
806642 -3176 454260 3030
836058 2458 515460 2714
841574 -1318 461733 839
810113 -3023 233576 1326
282565 -529 660668 2934
997517 1870 845792 1129
100941 2992 982895 1016
788191 2802 798638 152
570477 -995 978011 3797
669943 4194 129917 767
619757 574 142847 1717
360950 1316 508777 1020
871962 1777 578109 1712
268452 -4689 359576 4678
679742 2911 942551 1866
649699 954 917527 3755
873733 -3071 16965 4984
805269 2638 718940 327
462947 2211 741849 3897
479020 -1615 598123 271
389610 2822 68525 3580
291245 633 103854 4806
79775 4259 462942 3329
391196 2595 28075 1118
623257 426 190021 432
886742 131 404458 4096
878467 -4293 52084 294
219875 3149 376169 1310
522362 436 852311 1498
993967 -2 413505 277
718186 4281 85489 4357
473325 -463 430404 2706
633205 -285 86807 3532
973267 -4140 903832 2986
90179 -1099 696524 3686
456631 4414 919785 1032
986632 282 939821 2991
501725 2785 569649 4929
328331 2103 283433 2208
253897 -4278 993166 1817
230363 4812 228447 2362
226395 -4268 913542 298
531807 -1015 171513 882
203204 1750 119504 3058
487461 1763 19152 2496
144920 -3458 35644 873
796748 -3861 8144 600
160128 4368 257191 3031
956574 186 202902 42
523872 3365 708434 2997
94337 2692 228881 735
719823 1901 293915 2293
669384 1439 300048 1205
54819 2631 806741 407
513959 3965 775666 735
550327 3987 803594 2758
873085 1375 291001 2730
612059 -2618 806238 984
129210 -4609 480979 3122
981159 1868 724768 4110
245548 3133 588905 1961
879627 2687 823188 4573
