95.649651276728449
-0.000000000000011
-0.000000000000012
0.000000000000000
19.560065926526775
32.769539891652009
0.000000000000007
0.000000000000000
48.776928939607693
0.000000000000005
0.000000000000083
62.223220056763999
0.000000000000002
0.000000000000011
96.924251541747410
-0.000000000000002
70.582870979215201
17.459988370966322
28.960174215302725
0.000000000000004
29.503927434861364
0.000000000000000
-0.000000000000005
97.538924932700724
5.459948115210344
0.000000000000012
52.892930094056837
0.000000000000000
0.000000000000000
-0.000000000000029
99.887725235146277
0.000000000000000
52.731943400219897
11.777785994115026
17.030954448758248
72.291547905578454
-0.000000000000019
-0.000000000000006
0.000000000000000
0.000000000000008
99.966268020965813
100.000000000000000
9.108815630765152
100.000000000000014
-0.000000000000002
-0.000000000000002
0.000000000000010
0.000000000000000
0.000000000000008
0.000000000000024
99.999999999998906
99.791857674038681
90.795795526503213
25.013800679897329
58.043701962246963
-0.000000000000005
0.000000000000000
14.600870245285554
52.537031122707951
0.000000000000080
0.000000000000000
5.213203606319256
0.000000000000000
-0.000000000000019
0.000000000000003
0.000000000000002
0.000000000000000
99.559273687637713
-0.000000000000020
0.000000000000218
-0.000000000000007
43.524122887658351
0.000000000000004
0.000000000000008
-0.000000000000004
18.968747652914729
0.000000000000003
0.000000000000019
0.000000000000002
67.229239192799085
-0.000000000000004
0.000000000000000
100.000000000000682
1.590762792399895
0.000000000000000
0.000000000000000
-0.000000000000003
83.840800557220149
0.000000000000004
0.000000000000003
0.000000000000009
6.562676366992466
-0.000000000000026
1.392966217026731
98.193727074560982
0.000000000000000
83.621024926612080
0.000000000000011
65.674509866388235
100.000000000000028
0.000000000000002
75.608323811858867
-0.000000000000085
21.802619825977970
73.116222636359666
65.603734565271253
0.000000000000019
0.000000000000224
-0.000000000000018
94.208567262660409
-0.000000000000005
0.000000000000000
78.017955434047792
-0.000000000000001
0.000000000000000
54.769317387565387
-0.000000000000001
0.000000000000013
4.980695444977396
78.910289416984881
0.000000000000000
99.459372544305637
99.999999999999517
0.000000000000080
42.129828193260380
60.511086266367322
-0.000000000000015
99.281792003386542
12.237724191380043
-0.000000000001701
-0.000000000000004
99.999999999997499
99.999999999999602
-0.000000000000003
-0.000000000000012
-0.000000000000004
-0.000000000000006
-0.000000000000009
0.000000000000012
-0.000000000000177
47.136637095371846
-0.000000000000007
0.000000000000050
0.000000000001329
61.094591874139184
0.000000000000009
0.000000000000005
100.000000000000028
80.683716111201619
26.073034937287272
-0.000000000000002
0.000000000000017
-0.000000000000036
99.999999999999943
1.812247253708402
-0.000000000000006
99.999999999999460
32.273219722373156
0.000000000000039
96.811471892898339
0.000000000000000
49.041612290367148
82.742254390530377
0.106884743798020
16.160270516473489
18.330820440710820
0.000000000000011
51.738101519512654
0.000000000000000
0.000000000000089
-0.000000000000003
-0.000000000000018
0.000000000000004
3.173945981492196
0.000000000000001
7.378059067792488
-0.000000000000008
-0.000000000000002
-0.000000000000015
72.024708075381284
0.000000000000006
0.000000000000000
19.293044747714958
0.000000000000011
99.999999999998437
0.000000000000004
0.000000000000005
21.135562390274007
0.000000000000008
72.436467793667120
-0.000000000000004
-0.000000000000007
99.843084834025049
-0.000000000000003
46.601432625541008
63.105247010926945
99.999999999999446
0.000000000000005
-0.000000000000002
79.057599436244175
-0.000000000000013
-0.000000000000002
0.000000000000244
0.000000000000008
79.464309072397384
-0.000000000000076
-0.000000000000168
80.461542538920909
0.000000000000000
0.000000000000007
18.909287675162020
-0.000000000000003
16.531920710950299
99.999999999999119
-0.000000000000010
0.000000000000000
-0.000000000000004
59.420495607643282
51.287556254092188
0.000000000000000
0.000000000000003
84.003120246742100
0.000000000000000
-0.000000000000124
86.965454766446754
0.000000000000001
-0.000000000000078
15.099760373768449
0.000000000000005
-0.000000000000002
-0.000000000000003
93.219111338061055
0.000000000000000
0.000000000000015
0.000000000000003
81.247509799947679
0.000000000000050
0.000000000000040
-0.000000000000004
72.408172213881599
0.946602067528867
0.000000000000008
0.000000000000000
18.913799959337315
32.273761620877586
97.809065692752185
83.752729602137308
67.843394523172577
57.485415502250838
85.266568997425139
0.000000000000019
0.000000000000022
0.000000000000000
0.000000000000031
100.000000000000313
14.417669632247872
5.613048026479519
-0.000000000000005
12.366321078485887
100.000000000000099
0.000000000000006
36.955025696268862
0.000000000000008
79.986891586956801
50.213547003981844
0.000000000000000
0.000000000000000
-0.000000000000006
92.461608121315237
0.000000000000000
61.154092891276498
78.652491999166728
0.000000000000003
28.193734591801139
50.631341437027380
0.000000000000058
0.000000000000041
0.000000000000000
0.000000000000002
-0.000000000000038
96.212067072256659
0.000000000000009
0.000000000000002
-0.000000000000006
0.000000000000008
98.159918579907199
68.781862975184737
9.696575062190901
51.075430276480851
0.000000000000008
0.000000000000006
5.800591499021282
92.249175081577533
0.000000000000000
0.000000000000025
83.722419442962263
0.000000000000000
0.000000000000000
0.000000000000002
0.000000000000000
0.000000000000000
0.000000000000001
-0.000000000000011
0.070202515234075
0.000000000000023
89.427129066229028
78.701150399593274
15.667722188961742
46.683537997444454
-0.000000000000020
-0.000000000000077
-0.000000000000020
31.970759955128234
0.000000000000005
90.528942188696149
100.000000000000185
0.000000000000007
96.656097517758624
57.597205710800480
-0.000000000000004
45.026049907917120
75.578708236837954
55.132417412242319
99.125442313783481
0.000000000000000
48.446269286423764
0.000000000000000
-0.000000000000005
39.185127122718775
0.000000000000000
98.583319043397765
-0.000000000000115
56.210962755877773
0.000000000000002
-0.000000000000010
100.000000000000043
-0.000000000000408
0.000000000000014
-0.000000000000007
56.117419140692419
22.183494024544693
-0.000000000000006
0.000000000000001
0.000000000000005
64.742733801565819
0.000000000000015
57.055241313505029
59.047670955617797
24.242983236071300
67.415309306430515
-0.000000000000021
23.254488885991087
0.000000000000011
-0.000000000000002
-0.000000000000001
0.000000000000687
23.237264003417270
1.868906638886136
72.414878475987194
41.783089055461978
100.000000000000085
-0.000000000000012
-0.000000000000002
0.000000000000462
12.314585470415539
18.286544089204153
0.000000000000016
95.154158825160408
59.645551439499208
77.113324459132770
-0.000000000000002
0.000000000000002
0.000000000002154
99.238485225087089
-0.000000000000012
-0.000000000000003
100.000000000001009
-0.000000000000007
0.000000000000004
-0.000000000000005
68.683082124789266
-0.000000000000003
22.096657202872748
0.000000000000007
20.893749582088436
100.000000000000298
0.000000000000000
0.000000000000000
0.000000000000006
27.844481516148363
-0.000000000000001
86.106430776559407
96.366254774945986
91.754447664740042
13.358528434367196
0.000000000000005
0.000000000000000
52.439501862416591
2.426678863093382
92.504419231744265
0.000000000000000
0.000000000000000
0.000000000000003
0.000000000000072
0.000000000000002
0.000000000000005
0.000000000000011
0.706923705355560
88.452360085005054
0.000000000000002
-0.000000000000008
91.396597098238999
17.846576885633173
99.284049273880626
-0.000000000000003
0.000000000000000
0.000000000000000
0.000000000000002
-0.000000000000003
0.000000000000017
0.178601007443714
1.283290611852808
56.137399288520925
0.000000000000013
59.841937522883477
2.203508820359260
-0.000000000000006
33.028759946420884
-0.000000000000003
0.000000000000058
100.000000000000497
17.718547653252084
0.000000000000004
-0.000000000000002
8.728803835581653
0.000000000000015
0.000000000000000
0.000000000000021
-0.000000000000002
30.821687559382756
0.000000000000020
-0.000000000000010
-0.000000000000003
0.000000000000004
0.000000000000018
68.679639804700756
0.000000000000002
44.505083585893168
0.000000000001013
16.049913398837163
0.000000000000000
2.892144977779355
0.000000000000000
0.000000000000001
-0.000000000000054
-0.000000000000020
77.912390763332496
9.979479028934295
3.483960572809646
98.079104868905574
55.669310129197534
-0.000000000000004
98.888308256470367
54.829510037382960
37.058087769071747
-0.000000000000002
73.345392719837037
-0.000000000000026
93.425501086618155
95.491006232545260
99.999999999999261
0.000000000000000
0.000000000000000
99.999999999999943
71.866438794292492
-0.000000000000003
100.000000000000668
-0.000000000000010
2.093991042767910
-0.000000000000003
0.000000000000000
0.000000000000000
33.219679078864054
0.755559341996833
0.000000000000000
61.294920225549546
0.000000000000005
35.328770372046556
42.917930552896280
30.238076214637569
70.693405588467812
-0.000000000000029
76.643682935996722
0.000000000000000
0.000000000000003
0.000000000000005
0.000000000000006
99.999999999998963
89.471475122617534
-0.000000000000013
76.395315168421391
0.000000000000022
-0.000000000000013
0.000000000000000
-0.000000000000003
0.000000000000000
0.000000000000005
70.499964212451573
21.545062287247646
-0.000000000000012
-0.000000000000004
0.000000000000000
73.026955006700547
-0.000000000000006
0.000000000000001
99.999999999999432
99.999999999998764
0.000000000000003
0.947008078650826
-0.000000000000040
85.251176614442329
34.790991618273637
86.104654763420868
-0.000000000000048
0.000000000000003
0.000000000000002
0.000000000000002
72.406700908143790
-0.000000000000020
39.877748307488531
38.446595337367533
0.000000000000000
41.455996705439745
92.013720100336798
-0.000000000000010
-0.000000000000016
0.000000000000033
99.581675812462635
87.109296483117419
96.893115208043454
0.000000000000013
0.000000000000325
-0.000000000000004
97.507169138496934
24.492948773405395
-0.000000000000011
0.000000000000004
0.000000000000007
30.689799276742786
92.741920934260506
0.000000000000017
55.039547543803472
16.070110944044959
86.841979597752896
0.000000000000000
3.905866576467064
0.000000000000010
-0.000000000000010
0.000000000000145
37.152093595694382
83.728433250840737
56.154374455610679
66.014638280925581
99.006867273059470
0.000000000000007
65.416439359472562
-0.000000000000025
-0.000000000000003
-0.000000000000044
0.000000000000005
-0.000000000000002
-0.000000000000006
0.000000000000010
-0.000000000000009
18.500134575222635
-0.000000000000032
-0.000000000000002
58.606759191513206
7.373832404494816
99.999999999998764
35.889281359230800
-0.000000000000002
-0.000000000000011
47.217143705464757
91.244434515687558
0.000000000000003
7.480824937418765
0.000000000000001
50.931010456091762
79.277170143176590
24.622500132544928
0.000000000000000
0.000000000000003
14.254471556359761
0.000000000000000
64.156456047616459
13.103816581122306
0.000000000000004
0.000000000000049
0.000000000000037
28.406981151011955
100.000000000000000
93.349694489777633
100.000000000000398
-0.000000000000024
0.000000000000000
0.000000000000019
-0.000000000000002
-0.000000000000018
0.000000000000018
1.279022679576504
-0.000000000000001
52.918749798737004
0.000000000000144
-0.000000000000013
0.000000000000005
0.000000000000013
45.889559398162547
0.000000000000377
-0.000000000000025
67.789140066778870
0.000000000000002
100.000000000000583
-0.000000000000031
0.000000000000002
-0.000000000000003
0.000000000000000
0.000000000000000
-0.000000000011559
12.876419395888574
95.601252422697513
0.000000000000000
16.616640239220192
0.000000000000015
80.639765610323963
95.745034262021164
31.687680863799244
0.000000000000000
99.970481917384319
-0.000000000000007
0.000000000000000
99.844084651612675
-0.000000000000003
8.034475578610632
-0.000000000000021
0.000000000000000
92.033846151670957
0.000000000000010
-0.000000000000033
20.587248516111334
-0.000000000000001
95.806096915385382
0.000000000000014
-0.000000000000004
5.744455035813689
-0.000000000000001
-0.000000000000013
-0.000000000000004
0.000000000000002
0.000000000000004
0.000000000000009
99.999999999999702
0.150233613815199
44.720108320648905
16.133672169037549
0.000000000000016
50.903640235431567
0.000000000000000
65.283600605567642
0.000000000000007
11.791707948395386
0.000000000000004
0.000000000000006
-0.000000000000004
60.001821313175029
0.000000000000000
0.000000000000006
0.000000000000000
-0.000000000000003
0.000000000000116
0.000000000000000
26.475529275085496
-0.000000000000005
20.177030901138135
0.000000000000012
-0.000000000000017
0.000000000000000
72.473666770731029
0.000000000000125
0.000000000000000
5.373475367793901
83.958061599790142
52.689659744887507
0.000000000000000
100.000000000000426
34.923033405624594
0.000000000000000
-0.000000000000001
70.907155899201356
89.479258475845100
41.454923182953166
69.294111832659596
80.896297591288544
86.051196781128283
97.597386011620870
0.000000000000093
54.926399754400968
0.000000000000006
0.000000000000059
0.000000000000013
-0.000000000000216
28.439048061798129
80.271485009678159
0.000000000000005
66.732355229968576
3.962070366234896
30.625239214003237
0.000000000000000
49.532918419803686
27.737467910802742
0.097128638745724
0.000000000000005
-0.000000000000004
0.000000000000005
0.000000000000004
100.000000000000227
19.499924573851985
8.142477498629669
0.000000000000011
0.000000000000034
-0.000000000000071
-0.000000000000007
-0.000000000000006
-0.000000000000004
0.000000000000000
-0.000000000000003
0.000000000000000
-0.000000000000030
99.999999999999460
-0.000000000000016
-0.000000000000002
95.860837485566719
0.000000000000000
95.850040063327967
-0.000000000000003
-0.000000000000007
0.000000000000087
0.000000000000005
0.000000000000001
0.000000000000003
0.000000000000000
-0.000000000000003
0.000000000000004
0.000000000000068
0.000000000000000
-0.000000000000067
0.000000000000069
-0.000000000000019
22.765771876783443
0.000000000000000
0.000000000000246
-0.000000000000005
99.999999999996987
77.648023254012728
0.000000000000011
27.303732009325508
99.999999999999616
-0.000000000000002
28.375288860595074
-0.000000000000033
-0.000000000000002
0.000000000000002
-0.000000000000002
26.075218023971750
0.000000000000014
66.959657178290456
0.000000000000040
0.000000000000000
-0.000000000000006
55.835277254869929
0.000000000000045
-0.000000000000007
-0.000000000000004
0.000000000000034
-0.000000000000003
-0.000000000000012
-0.000000000000001
-0.000000000000006
0.000000000000027
0.000000000000004
100.000000000000369
-0.000000000000071
0.000000000000002
35.698176841853154
-0.000000000000004
-0.000000000000199
2.720065394585714
-0.000000000000001
-0.000000000000004
-0.000000000000036
0.000000000000005
29.374335769468690
0.000000000000007
0.000000000000015
82.784353792497612
100.000000000000526
0.000000000000009
-0.000000000000003
-0.000000000000014
0.000000000000000
-0.000000000000003
0.000000000000000
-0.000000000000008
75.623320806622147
0.000000000000053
71.416941229284234
0.000000000000000
-0.000000000000001
58.739280199077925
99.999999999999531
0.000000000000000
-0.000000000000001
-0.000000000000005
99.999999999999559
71.871721754458946
-0.000000000000011
67.321466252053185
75.816989654540180
0.000000000000000
-0.000000000000006
0.000000000000000
34.385696830753936
30.095705415485515
76.784639815804823
0.000000000000022
-0.000000000000004
0.000000000000003
-0.000000000000022
0.000000000000000
-0.000000000000004
-0.000000000000001
0.000000000000011
0.001045091199417
0.000000000000004
0.000000000000017
-0.000000000000001
-0.000000000000002
99.999999999999858
-0.000000000000001
-0.000000000000015
-0.000000000000016
64.394619092948744
93.739720283878867
0.000000000000000
99.999999999999758
0.000000000000000
19.553960417684387
59.207130644270968
47.424153872002634
46.949981475099783
33.927037443553168
0.000000000000000
33.051006414377014
0.000000000000006
1.378734863741510
58.127724328318102
-0.000000000000067
44.207856860705164
-0.000000000000003
1.122836229850785
47.013272662905138
-0.000000000000092
0.000000000000008
-0.000000000000005
9.643598091184959
7.220166377536192
90.755319636650228
79.084806043538620
0.000000000000045
0.000000000000003
0.000000000000008
92.603567167641998
-0.000000000000010
97.946736893352821
40.941252847165750
0.000000000000000
0.000000000000011
-0.000000000000032
-0.000000000000328
70.758561916477490
-0.000000000000025
0.000000000000000
-0.000000000000006
68.058469663190877
0.000000000000003
-0.000000000000005
0.000000000000016
0.121009525616673
0.000000000000006
0.000000000001321
43.543248008391942
0.000000000000003
-0.000000000000003
75.044698685546919
88.381883621603649
0.000000000000012
100.000000000000099
80.955839836481644
-0.000000000000940
0.000000000000004
0.000000000000001
0.000000000000010
0.132137410777123
0.000000000000000
0.000000000000012
-0.000000000000004
51.936683652887950
56.595515702491959
0.000000000000000
54.681559622167086
0.000000000000002
15.971945262152516
0.000000000000010
7.212071657966821
80.821434376256050
86.420588970299832
1.388480726089247
0.000000000000000
58.189340308316815
0.000000000000012
70.410490032915504
91.435104837574997
-0.000000000000017
0.000000000000025
92.179959624690753
-0.000000000000002
-0.000000000000003
-0.000000000000143
54.828969533769346
0.000000000000000
84.625659910294218
-0.000000000000006
14.769365249661984
82.460883988145625
25.335797542126688
0.000000000000000
-0.000000000000002
0.000000000000001
2.632150856998951
46.428652392188773
-0.000000000000008
10.758546983985624
6.282065460990985
84.686660634071160
-0.000000000000299
7.899529521694107
-0.000000000021165
0.000000000000003
0.000000000000005
85.773848790789089
0.000000000000002
99.851961518401666
0.000000000000054
-0.000000000000005
13.199051355714149
0.000000000000008
-0.000000000000019
0.000000000000008
12.046476986729843
5.408910896338440
73.729356887609470
0.000000000000002
81.042090325470625
18.503283555913676
6.392243842067045
0.000000000000084
100.000000000000341
-0.000000000000004
81.111402788305384
0.000000000000003
92.592516372551799
80.919317945720763
-0.000000000000031
99.999999999999872
22.837093437615092
21.698125635627829
-0.000000000000002
0.000000000000008
35.709595157348460
99.999999999999829
0.000000000000023
97.248569209972501
10.617172607072291
12.204942662952362
61.082342992699132
-0.000000000000021
59.924403908459034
-0.000000000000001
0.000000000000001
23.271770152179112
