500 500
724711 -852131 19909
-474873 250232 1465
241703 930559 38577
514231 -639021 21157
996800 120644 28944
-78040 781065 16659
-820536 361080 29021
804135 728549 10998
-772603 581767 15373
-268667 -484570 1636
-366636 454664 21179
-892029 -702804 38325
-839656 -820779 35232
-390872 -876252 27164
421055 -368397 12560
-530193 -483453 42987
850922 983141 9961
693710 -890732 48659
-752014 -684364 23038
425829 -748289 26599
181839 732178 48047
326894 521898 27657
-662996 -781369 3381
-847253 919968 38211
-989292 -339489 14178
666016 259278 37126
-974936 -683647 7676
327974 -248261 28644
-21242 -387894 37178
990529 -770934 5386
280518 77751 1561
916454 -344104 15419
868265 -482407 49813
-653683 -232996 35751
-226970 -960998 17333
748064 660485 32999
245380 -469258 14676
-856736 -717281 32881
-430794 -579713 19833
633148 390850 7462
-809452 73938 31725
-290251 19165 13827
209357 920892 10991
413878 -74894 46791
-57228 79323 45411
-52716 748257 5234
795593 -895824 38159
-766025 205836 28686
-698348 101386 19254
-500812 -347179 26469
654715 -198700 2240
-674377 38825 8120
-993373 242774 9603
106641 681231 49407
-889646 92409 36828
737573 777524 38997
-367989 266237 11284
-591070 -114149 6169
-800747 380565 44057
137908 -904481 40045
779695 -596721 15173
156203 -21492 27420
426650 300019 31227
-328882 276556 17877
82077 624836 34225
-900822 -15916 49407
897492 379332 26732
659922 262239 26157
-569738 -746470 31201
-342883 445842 46397
-579912 -714043 26052
590682 -491228 35618
221283 -26732 47936
487302 519723 7740
701910 -296505 20181
598860 961864 17397
632070 815544 30376
-982642 828955 27565
-107082 682028 23533
989750 199029 6750
-848104 -462889 7737
314612 125355 12807
532315 184380 8403
-272618 422112 42680
-131121 -621909 22610
-73610 -147793 41490
-101849 -616751 9239
-980371 801861 16415
-844626 832452 1794
-857627 376601 33785
-19064 -262260 19155
266314 -823060 4266
468317 -615032 25257
343810 60323 8351
-317020 896538 17352
32527 554342 4953
-31297 917719 28786
-553620 -575037 35224
-795671 -864244 21461
741527 -118124 7999
-418173 511957 2275
660440 744936 18416
365229 200052 31668
633961 -358594 48393
-228654 823171 21992
-322924 -481776 26819
676779 327592 9223
938365 80704 15769
-949429 376386 16910
-475238 -230721 6087
282868 207286 4725
-205777 -209066 13916
-458896 729440 20846
-824639 889225 47170
596358 885541 24862
286128 719083 25303
760215 -827504 38804
545572 189224 32728
-406812 360382 22257
762446 -928576 1258
36327 105845 16986
315013 -591252 43627
81910 -745515 45020
-987924 -315963 16861
337907 -935339 32932
172310 -203453 5274
-590616 817322 18652
540494 -765653 46076
-90661 625637 39780
787428 -749802 48732
-727616 -422025 33814
170791 -568533 2353
-396858 -915075 42636
-797086 411637 9495
-840473 -772472 14937
-827262 831336 18482
24408 -469723 28684
-462856 894350 27986
-484253 -161282 11715
-678936 -702244 42164
426803 845172 35937
382770 212355 44686
949452 -408804 26931
325651 338621 10224
739906 344210 15186
871574 -979878 32254
139094 -538669 19972
-771184 957398 8505
-283382 140488 24813
-799422 -351629 32793
746726 854711 2723
-513677 -300810 13477
247820 45673 8243
221057 -287140 15648
-675602 485166 47182
395291 162637 27919
-788894 -798094 35314
-136791 -36220 11206
-232714 677439 15771
312768 955599 31232
-998356 -688958 42618
722079 976684 28211
-440411 -696177 3822
362006 383728 47733
-105969 745626 6101
-953344 238734 9822
829933 -202418 17817
899423 96387 23037
-422317 662305 17190
638501 983030 19222
332911 921212 49023
-117224 599663 2537
-448886 -699637 47703
231298 859020 43417
956069 -528014 42306
746670 -973968 15785
-218939 -283189 27509
-432882 -959003 43861
45351 -901138 48595
268171 809344 30559
343264 -907506 7820
-524847 577546 40494
127683 -102054 41352
824443 574325 16313
-871695 406777 39519
-595884 -668840 40494
396896 713175 29280
161404 -673346 26409
454557 38384 13884
85928 -889725 39673
-265105 991786 1429
39812 -194906 6731
-531443 -191196 13477
198004 481572 10094
457167 -970883 25938
922165 99792 13303
-248803 -504340 31407
-738190 219246 29160
589753 114133 36754
425026 -692578 7485
62025 -923398 32625
56637 530933 37466
-413043 -683591 26380
376095 77536 36921
366994 647055 25788
-149780 765774 37274
-306290 -188530 29675
-859961 426506 35327
961158 288331 12793
74363 -173415 23542
-742562 -521320 3432
565321 -56169 33013
79807 -276620 35163
569803 -801918 29028
927250 -443464 27529
-169141 -99596 12351
792319 -643393 35383
226008 -452649 34836
333908 424186 3598
-451234 -229762 32760
604623 -775099 23319
-46226 -424755 38655
530971 -146217 49706
-503513 426187 44428
-121529 -201518 1547
-22998 159714 46934
-632594 854949 22334
-277134 929403 29457
-39976 570884 8112
-299686 -972783 18687
229231 -889935 6012
885143 -32549 7873
-473186 504162 29
631538 -742141 13131
-257837 -714113 16873
182131 178659 1670
506815 725118 38939
677201 316931 14094
860557 -451486 2193
-841675 12551 34573
-818945 777210 41227
885607 -383119 6060
914790 -522975 38323
-215780 -863875 48414
707403 55355 32939
437036 -65384 47444
596276 -395120 41895
204076 -927270 7037
314459 310108 42534
947596 489882 1923
240831 296016 5059
-41860 -760566 29007
372882 646503 866
-488642 160730 46434
-153048 -86386 5392
527471 -999638 28217
-638659 366628 37713
-166062 737528 29307
-276162 961830 38224
367490 558753 31244
632139 -868503 27005
-781719 35793 16434
-687318 -989733 7379
989 531765 42575
-592209 876419 8961
-214188 187438 1305
-425030 843826 46168
327208 -715681 18670
615577 479635 9135
599342 407329 32498
-314689 307596 30181
503984 671657 44089
84506 -672496 8061
-836203 869106 25488
884247 400097 35311
-788372 29522 17199
711976 -166605 38826
-136099 788403 46083
-888347 550196 27800
-942246 516961 21812
728302 541134 13043
-756849 446656 9877
698862 486280 27404
-10133 993185 24947
-59441 591115 33394
-771265 -684223 35773
854771 26652 41957
-817761 -607928 31309
234953 -936106 7269
-136638 -689197 18519
732295 358393 23926
123335 -614786 44988
-255865 169427 2650
644683 -75093 4965
89810 564745 8275
280680 -498030 12328
-833383 -583588 4944
343242 922222 36627
836579 -105212 22932
-292267 -148443 1840
664673 604271 42087
-878520 -318181 37984
-443000 981120 28210
731446 451638 15076
-822114 -22034 1470
-232420 994855 45942
812125 -374546 22372
2656 -307021 2950
991301 -129556 10506
199561 146246 33099
-310851 -933200 25073
-744744 236422 21049
539825 337747 16477
793933 -288759 48237
411810 -327844 16217
-321299 330887 33874
704015 -326154 22761
-470091 -615865 26166
125079 -295678 14783
-872635 -431724 26115
468536 677194 19295
974220 -293313 36714
-155068 -614409 15254
741666 -200438 29235
630240 46660 33891
-270152 859684 29240
628118 7665 15379
-487984 -585801 32715
-128845 -477485 17585
670362 34543 32954
864175 -438044 28197
789756 360790 3920
5900 -468101 20001
-724586 704693 7191
-801132 805692 41812
-961928 -776658 30568
-614148 -466591 43761
184283 988025 20777
-543428 -652213 3383
-525466 -52490 11489
789059 -499874 44019
353294 251023 11689
-965988 -133727 19515
674047 -282116 27212
-41712 770069 49099
107213 343262 12483
-364967 765176 32929
-190401 -460406 9318
11219 -145738 8562
-704775 -99113 39108
987714 -889623 16185
-557390 -703401 27185
-893144 -30834 1131
465595 185622 10959
690171 225791 34491
-874455 497939 39785
664379 658165 23634
-571828 -330615 47889
354876 231880 44100
-233166 -234929 1135
419177 401253 10655
-270191 -498705 12733
408025 -144475 21478
182993 374826 47584
-398114 -567229 48270
-740118 -384422 30511
-209256 811813 19452
233483 354991 7141
-590485 -360121 47979
-67727 769114 15446
953310 109959 38206
261444 -314562 29407
-852473 -619485 36936
-444763 -47643 49089
458809 -79395 33583
-588043 -935073 25179
971514 -712563 6929
-30991 -226172 19435
-766775 -625279 8620
973481 144075 8968
-508061 697967 13577
-821119 384997 11156
-726913 379831 20611
867518 -717794 11459
-512097 493221 30412
786913 415907 14413
-241804 128415 10194
-116154 -784515 39349
-172275 910142 1308
-200458 538387 34023
-264907 -358374 15211
675906 -751309 48975
661406 47348 35709
370179 853140 20997
311803 234474 23257
-474070 -44758 18488
-657836 -376989 8858
-708834 -907608 47880
576615 -768759 17806
-410808 -462248 40857
-74151 -494271 24530
-13443 -341032 4402
87976 644998 2651
-176863 836431 33309
-502812 239114 32429
-147761 -380421 23484
-485483 218486 16364
-454299 -302911 244
780396 -446495 41951
790699 -721909 1529
-978537 -772954 44031
-498004 -44625 29235
569625 355055 20829
-342825 -46827 31860
-385170 -868256 22401
333260 -41102 12846
-877391 -977834 12450
-125565 197388 47167
-217729 723266 29008
-248049 385620 26843
20261 792210 30176
511318 855813 16845
-744700 193361 44505
-420962 194432 7163
801828 206160 22566
-493941 -117084 5201
-898 -341645 21995
-478757 544777 13598
336277 -357866 30350
247687 -194758 22233
-321621 151535 11686
529559 380460 28596
836546 -699923 15088
430569 415932 238
972761 986698 21237
813382 -749236 31462
-117656 -782574 23326
-473113 646748 703
-273355 -624443 2508
-206559 584325 11339
88034 757329 9542
228584 960369 35017
745506 -127293 10666
-558099 317006 16082
-945281 992933 26203
910577 479595 19735
-704137 601262 30422
249827 -226254 4790
-835881 -240551 25644
-772709 -625656 34194
-773918 719393 3655
-502418 -235308 20083
273348 331334 8707
-924838 431901 17062
-261257 46411 45896
-386454 624010 28752
-801674 -987509 14959
871194 507739 26236
172191 54660 9324
225158 524602 445
-877888 573183 44493
277376 644002 667
602932 -93107 48569
717489 8759 1612
-839458 653528 25197
759437 824914 43015
731693 30866 48241
799235 457486 25329
-485413 71075 41811
173853 112898 46055
222796 -152528 18324
789560 137237 8441
307301 -657790 37752
-947833 140459 5024
819594 -265412 33515
421719 256011 17694
745516 782816 16281
-274797 854688 12921
-934820 180679 1341
-502977 -671103 14055
-142546 266739 16569
-708572 -146099 24333
-375542 -138778 16556
-678181 -930371 44409
-341071 -733091 21760
67585 268923 11226
648689 726205 28429
633567 719379 9220
291738 881062 32221
598372 -101007 35099
479248 303362 9351
29894 -963537 9228
-554536 64526 22577
-730348 -62399 25324
-447674 -693038 28974
116785 -100950 8032
-401701 481540 46421
-229815 -282608 3321
-966319 27581 46259
-278485 -716610 6898
-768742 -977237 510257 778945
-239463 -81691 20390 172616
91689 -677827 246098 591843
-878013 372621 523901 935463
-322091 -574616 847552 267869
963090 -693561 553009 716636
-294030 -148730 437643 951024
-294866 949083 914637 316437
-346426 -885928 886290 46862
854871 -318655 358151 527511
163707 369377 712899 523609
-613219 787757 902993 477434
-181717 881754 724511 541061
-262841 -804237 177047 557187
-392752 428122 381635 637067
-204283 -452019 335824 265673
407333 -181255 988236 282226
-497752 -975958 248891 337955
813048 -5285 181092 142995
802475 -529944 7247 550541
-720145 -66862 415919 330031
-263412 3209 612322 793500
-990960 512215 138396 983476
257506 821407 899112 550440
-534984 616012 317405 972840
763099 -441383 927296 895948
69277 -117454 288463 958877
-149875 789877 93599 192006
-873203 -95785 768757 736544
735536 -672975 354664 773940
-624578 110584 640681 308727
457173 -100775 622303 9237
16952 922451 493081 299302
302542 -230794 947368 351002
-54497 964729 795649 539799
17106 -374444 829546 958430
258918 441543 36289 442449
-325735 -217640 914620 930303
-180420 812869 976854 408462
-81841 394596 161625 578871
778884 -432117 980228 182087
-628334 -358881 406578 530606
-573194 -361467 46388 382759
-28290 762682 907332 819860
281711 147996 25419 476742
-140344 787841 677131 716304
-528483 -991533 909954 494388
-663725 391149 500013 425621
-980142 -585661 88220 85519
-964119 -297747 598642 831224
492110 968968 535144 810672
369844 368704 591702 493277
-843618 -777087 645315 599114
-891334 16683 183971 11000
-476791 -865072 49888 823941
-329994 945127 164146 491077
-360059 -380560 582117 695723
866948 -492239 931264 588952
306774 216460 734599 206185
-643664 226106 936740 943867
783301 404754 981537 622322
-834247 219992 469625 442016
182311 -639972 681846 162471
-908325 -417315 788541 55953
-99942 -879956 378078 653309
-517845 -234933 171134 759231
-124944 288748 537907 570142
581711 -101457 998971 199611
350459 812721 816893 252346
-273988 -107361 292784 603049
465793 978737 615541 238213
126679 884133 798743 395378
104445 77389 74317 959634
403118 -895256 71820 872216
719269 -873657 611953 516167
-856089 -195008 246308 663020
-139157 700571 593261 144633
798607 937829 694200 153005
992881 939484 756519 221536
937036 -736743 458236 192106
46715 -914956 88703 240908
521053 -882440 176627 292686
-159962 268011 95832 891765
337155 642446 692735 635721
-608130 494231 115886 612007
-20790 -886223 250655 516672
-806749 463934 340936 150791
-209779 881048 676629 57383
550991 -893918 216805 73049
227587 -133115 773983 608798
-805712 -278646 216175 668069
86962 -329011 158625 707144
808866 144817 728417 626012
411683 135301 633765 24716
254053 -643584 28318 5238
26021 159134 926426 307671
649169 -158058 332711 4483
95693 -992642 348905 886536
362165 -664054 50566 362754
43573 -13560 901877 342184
-94241 982088 298941 473059
581227 -913977 430085 20147
208816 -196333 822241 300302
387672 -382661 396690 190624
835223 -524674 650390 881611
67305 241463 757312 768164
387687 -392877 173350 717315
-788648 -293820 808589 911170
-310720 711192 772787 414980
124838 972393 818949 205452
-888399 231867 827908 746209
-827841 -99983 628491 441057
769604 665781 549134 892279
-90840 837296 797678 290866
-390531 -219854 254606 656834
306542 932332 180335 774308
-106910 619303 421084 126792
408702 620920 241955 921580
14391 -116881 859072 37202
-896413 278436 366543 330072
839783 -563434 940366 530426
849195 -612139 960500 350066
979312 -641852 670350 764222
-198927 340633 263919 996339
-491645 -755426 48063 191822
800916 201752 864556 395254
120312 -292386 330989 442857
-324757 849859 588148 900994
456402 -109758 901654 803447
-391277 864041 969655 668278
919162 786707 570386 444025
-628366 -293261 846176 930925
353050 -926483 35965 435884
154032 -100324 83767 920151
871025 -36765 47824 745550
36675 39913 804188 674083
933041 -576673 464693 793600
201223 -762764 926932 15502
-414799 -119745 58967 681234
110099 -670667 557073 358595
274377 852116 668680 331143
-182406 -708775 270764 123819
-18091 -948188 544335 180584
92649 782825 362162 160542
-151073 -230731 808729 967364
-156338 756496 501103 872880
210955 -222635 704865 280159
715928 839629 629728 272111
-457781 483 729386 454454
367296 861196 955608 763218
-516313 -439171 720743 289800
-332721 -363568 997837 677863
-915196 299394 409984 40096
712590 515158 783101 45215
-594379 844822 868726 525392
-248721 951622 708039 756105
-125778 237681 707129 347807
-904644 494984 973976 587074
-397974 808687 675797 326679
484410 -73758 90863 208306
-277252 -723747 896882 475128
783311 286548 209774 652099
-27422 88315 131387 889697
434694 -602100 96665 890606
-216444 865845 435073 735454
-45718 -474925 425835 683967
590075 -957499 565342 463253
983580 134940 750603 351262
743236 788225 146048 155689
-409493 -395103 277107 414789
-860657 -327546 488543 800923
-694941 -118998 352757 959995
-713570 190425 884428 728575
524329 709561 592227 848963
-705694 623832 1390 106333
349780 481020 61475 853120
-857924 -710961 318123 97181
-760713 478880 565718 232873
-972722 -750590 75069 455640
732861 351100 772119 931489
-363887 417969 5489 447639
133180 128323 471559 157683
-382651 -290878 134223 106911
81327 -971300 316500 378016
-576287 -928245 252744 489319
-651485 -540913 939657 407299
-537999 574059 303854 749368
-822205 -33665 123791 951324
535461 264286 466572 513910
632191 -617729 499474 218662
-89840 920800 373092 426032
77830 -228900 131004 501571
-82832 951464 36599 486476
-135106 267062 349573 755432
-444684 -334514 102091 273798
569087 -545043 1574 336768
622502 -316164 821393 667512
905846 -815784 866119 882347
-920745 925491 192342 458942
-946095 820537 514635 206110
532175 -961541 487806 926495
66678 372695 271152 807376
141981 294075 896796 299904
-225318 702363 238344 931372
-253506 -448999 939476 825412
305408 -629577 10817 301316
405311 -820936 775693 764259
756070 -262741 333803 30315
850611 199523 408391 194348
278359 -828460 542102 925111
660082 -650206 56995 914838
309378 809093 766265 929051
376878 -948676 642739 993274
-231859 -304067 238220 384860
868557 -478801 378325 562711
-686020 -702398 262502 237333
-222338 -122239 272276 699091
696715 -765598 188808 287914
130788 326158 543070 557901
752095 48006 64104 866592
23835 -235419 184657 625875
243169 554884 992129 503558
663858 -390297 58812 343878
-695002 -559797 557554 260374
-802923 578626 627589 838798
366559 -389562 908929 248899
-454124 501748 905857 854851
950270 -193367 590208 819719
656638 908021 94180 199410
-16003 625558 812537 187902
190458 -307206 55030 861187
-134337 76237 202550 524318
-150251 793844 323623 995944
-573140 73869 645835 194370
232297 606643 471342 845236
812130 393826 889992 891600
-364318 -558852 917674 706323
199078 103827 157206 558576
-408509 289921 189708 633225
587818 -115549 836940 510661
346218 -819791 103279 367262
243113 -168718 807758 747223
-229479 207708 358575 81561
-912868 419008 610154 906649
33026 685541 690057 514976
75436 -311303 487413 699180
948318 -25486 854989 287104
-602930 -771771 387823 227167
333102 140909 83293 191496
-656437 -461003 722070 380162
807717 -70216 694472 994318
623776 748921 154231 585510
89292 -130868 818057 576308
-784470 -555391 966500 749751
467588 -645435 863107 836978
-828429 38755 762477 978668
-206280 -116801 798935 502185
-830145 625263 345437 137329
-435379 684916 341435 369354
-579115 967663 986977 546441
-283066 230781 747498 372422
-26528 778077 417217 519673
955412 131751 374359 840549
611168 349198 436187 314293
426115 -774626 234818 490700
-526120 652728 588920 419436
517261 413250 238872 768932
-703970 -152447 753717 741300
-205696 -33012 434045 199634
449850 122915 57144 23348
281977 -137492 758566 99798
126731 -444190 898940 843858
380480 -761590 774708 625398
742857 189821 45041 340019
573357 -879501 410189 364950
-153490 606079 662915 843960
736394 184076 281793 124121
-981592 393876 266599 999334
-651048 978687 24321 697406
-84700 -433755 291541 5214
618515 635703 557383 404007
-287101 -522488 61787 949639
-836998 -43622 5708 638052
323607 -773849 325705 890066
47062 247750 71127 478586
-936290 608756 574462 899936
528927 526200 46277 367690
287918 -882814 125183 95742
-978447 -812404 442980 793732
-600214 -305836 615332 482071
975277 -661526 757592 254414
863164 130935 582330 865216
928082 354018 34348 276191
566531 -880869 22668 13130
575968 -89294 699572 312797
-418892 -124966 446311 849203
-31032 560587 212441 753783
668354 -17892 659907 468164
503880 -689612 391512 397740
865392 -910263 613263 16320
694922 62449 998574 518839
-503977 -727337 499511 974490
-974693 -698230 180745 636680
-700871 -736501 319383 476324
422322 6029 316153 750408
227454 -42940 876236 581962
-333052 826389 317183 18557
925794 -571888 921707 816215
-999096 967539 556412 53836
337845 332221 580816 688708
775076 29274 556052 716108
-76658 795600 630751 291372
995059 -533576 640547 836771
521442 -366169 407436 729183
-760011 -135493 686447 87876
-811087 502905 845081 767978
-274523 303418 745958 503546
450871 423904 684595 969246
78588 258595 983684 872296
-369695 593211 451561 275472
689066 668140 648162 743931
-466849 -423741 931442 679309
-897448 894448 924491 279670
-949879 -738382 278956 446198
964614 381280 507153 268069
306914 155240 128106 446157
-255787 256466 947823 428144
-925627 -545101 510086 700134
310911 886158 104123 895031
359620 719313 221190 459680
473400 651405 512177 341960
-601584 6713 521555 88845
-271127 116528 256335 632759
-69860 481260 743908 806552
967908 316294 940032 725459
115696 -282051 265523 745388
341976 914011 570482 167758
418507 -257957 31711 561713
189708 -325098 668009 344148
432334 375080 386119 87257
556822 253479 63924 406552
-55655 -550272 398109 948050
19972 -668825 298717 759661
-539282 -724960 855240 945939
-171049 433968 372188 438217
-842399 919893 397075 67388
-846920 455454 114526 342575
-708002 -518654 488463 693465
375117 87520 17150 122661
-284598 595506 697688 400800
843030 533383 867568 976338
513950 -257113 510109 76851
531709 -630935 955236 470822
415862 144268 535618 633807
-640926 -484214 940952 347599
718033 -894863 657588 435280
-81579 815317 210755 393213
256576 -822298 430688 204311
-60216 -614799 439078 692227
634126 37020 696016 984568
122736 -309350 449185 539086
-701048 202034 283900 123964
924949 260552 640561 189050
-46508 -889258 438117 483318
-441572 -760480 384923 442440
-386490 764644 610933 592480
108467 -188304 776239 121983
903837 959951 430682 263646
466725 4728 675577 372086
-317770 246617 747391 924112
-969110 -964904 15893 983451
936974 -542559 858627 315725
-557572 125433 508805 965352
546435 86489 100964 745183
241752 -333194 840566 156339
338475 226018 802878 747471
453859 -865800 25346 309136
128155 -659874 104306 881304
-536081 372323 206432 413229
-165039 -639729 337464 912287
155552 279874 867192 334885
681457 -895884 442353 624134
446311 -27457 397671 693561
692347 232802 420142 341073
543157 302127 241648 472909
687064 -822432 826185 64102
114563 984624 390893 22779
25438 -837329 74328 963711
-187690 -870569 546303 868670
-557167 612318 722683 368096
-972095 -582784 630487 359213
-627273 795235 979310 482888
919448 -431438 621409 272549
234630 613531 406124 40863
-932633 607846 186947 939923
293756 875887 511308 184577
-591669 374621 939994 115718
-192089 639427 52955 29860
408743 189664 84179 828648
-725755 -3917 848840 72056
-274716 -219695 991790 950294
387160 -340168 621775 204512
-772779 947567 754622 651222
-31285 -437535 977895 295176
-335230 -258527 135360 459307
-960603 634563 318124 42353
842381 468987 951692 300379
-181902 761748 313684 897518
292214 -930794 436612 16062
-765567 405177 338976 393734
-629842 939272 816301 656734
536521 -891187 39745 83194
-536199 -890070 586727 705535
822239 -534257 740219 630464
-872812 -484559 531273 618676
834811 -977445 312477 722027
888117 -384822 791316 175749
-711851 -753289 317559 208724
232090 -993019 21239 395338
-686455 645540 649309 394406
468795 556233 228001 79065
125809 -855584 453157 359005
-707590 -727563 945610 899590
20751 808892 382650 138256
-281977 197439 724068 519100
39094 -687870 533588 27250
46925 190971 700112 8628
-468795 -940775 104103 546875
-767055 514312 620909 930020
-65608 251047 197605 450428
-805956 -366869 709537 250643
137060 431857 535755 202633
485491 75760 391671 741800
-250234 868989 161656 95335
-541284 369701 64747 396495
-10702 -735602 549420 943337
759302 48940 885431 295214
-575614 151736 348720 970899
-56597 -90326 204469 162022
836701 -595867 742223 922077
855409 981792 260208 460287
374566 -39856 542604 829381
332010 -916700 158050 391053
371920 253006 792551 605151
-401478 889432 442652 798025
571057 -350668 781930 60148
770690 -892148 586690 685434
807828 320771 510589 71710
657404 362086 836587 289071
562482 253308 227848 229755
-220716 -334914 613874 23744
989779 356183 697845 824090
-218236 -751218 590248 82445
497911 -332454 555871 121682
757130 -720714 272766 965994
-146348 -934248 681653 548088
267100 -967411 225804 798323
206770 -212137 990337 177338
43062 -394571 415962 675173
-659627 271226 671680 867691
987721 355187 827452 429228
10553 863089 184644 406202
847396 444887 972221 212951
-865718 -163009 410311 176611
-636946 -525524 543710 784577
-47400 -849879 346659 865322
-431691 -766405 332030 956112
-405132 -884822 889247 194054
793770 652458 81179 310906
-240029 -83651 745152 79082
-71053 -1245 394686 840909
796985 437172 958336 249144
540557 966033 573198 215505
-963282 277785 967376 6395
-545488 -458881 894726 906777
162477 -28592 148731 317267
-30354 -964636 62756 572259
-851850 471863 706423 639289
602043 928749 590884 697283
-731262 519248 142379 896710
435218 577481 253184 267652
76013 -979439 965897 378976
768103 -393550 136684 479164
432268 369048 114472 505743
565182 -436435 875243 59568
-379819 110377 326140 514234
967869 474501 95495 421851
-649893 333059 384460 43406
-998447 519272 203662 56352
866704 771808 612414 53725
754279 -728862 455472 167407
86512 -330387 835070 878162
-240132 175751 919891 273582
293410 -767282 806645 986129
-374463 -455668 245835 598134
789357 -761861 93492 208951
611619 938835 426339 53756
830758 339002 635673 95108
776101 -16780 434325 124913
-213739 481563 572843 752866
