10.012414386869587
63.553436812831528
74.680935792923975
61.938419588600709
66.113061291055402
51.650012005286776
54.885561795945662
52.394827803437778
31.828656274869413
71.526992623064160
33.367576852831967
21.501160665403990
57.802751457100264
57.433337901958183
48.344869019713890
30.123074002672595
59.509272562510638
65.395171158670053
56.130959359309870
8.039992786147733
57.473134116986301
67.940799505911770
22.918029697419648
17.929073937623155
10.012739936933464
39.496674602074414
65.004071099615373
66.210804799634218
14.780378787012461
72.802970226878003
27.504330048463025
52.523664004388714
66.893498567436453
67.133511369062902
63.330196091103943
58.781289874980004
63.548494153719858
70.113377745100891
5.109001591651769
19.210485333771121
51.155306401987545
26.527004825948612
60.217321448364771
2.514240092638943
16.722599118479902
60.367968958032627
17.103757031752497
73.041622295421561
30.177717585902204
72.496332697931081
46.414473870314986
72.743261361277831
58.784282192392418
57.924170886031099
57.625110256244447
87.275905181753586
74.249609818555811
65.271877160958368
47.702308105344805
45.763033405132965
38.316521476530326
60.253682845045837
56.659789785151283
2.777260193855226
6.285070953092203
54.091922584734824
68.079158973170522
20.071099689880707
67.873859259992770
81.931367048871451
66.846099522084216
65.677232408960791
64.968330294017022
67.558840434429058
65.472643269652110
67.602902275362169
60.213388358320344
53.491564352940905
80.922466589663500
68.349884066234850
23.669878852634760
60.601013446365833
61.400931552318298
59.898140375867264
51.801370873896019
68.778973387949080
100.000000000000043
50.626239998014015
45.259573609700865
1.914181698441727
63.866920299527386
62.917053877387133
6.130212248141156
60.923316148169164
60.896779608377180
59.735619976942573
12.161547699112523
65.072488385198866
59.167207875590869
56.897880146738686
58.787885676440972
29.217355668492363
53.745887083069071
19.040858064589379
47.614019991356855
72.911045110714696
64.523738960341319
34.850091744922146
64.346827259668146
29.726778465754741
52.674532983817066
41.546347365767566
74.433069245607840
65.682328473644617
12.633460693576064
10.773856041144889
46.596975248041360
71.723210028374382
54.784122856859391
65.473462746273142
63.169227154700785
40.009693600234023
17.760942894103437
8.806742892679495
52.538941157507011
55.318024928557314
61.443549024798976
72.723066737959414
62.217551694927202
63.024734715012741
34.501111273768849
72.119884246562933
41.230695733507780
67.335976490402373
67.006135221971277
17.310974457779704
5.332166282779859
64.716459562922381
40.822157986063054
49.378169121534576
37.626299487471115
69.837281385424916
21.375717893499171
64.842671839142653
67.234779275551404
32.995679604325765
24.643542219271858
60.945887483726679
60.918647038531923
78.707044959301498
7.605597591201301
40.820476543961547
9.127229923994779
6.170324474859883
55.538773249214806
58.930036930285439
18.269881399916489
56.256468812839401
66.601703865626831
68.869378479593337
59.100160497238946
10.109916148015357
63.718712618335744
27.231105332049772
30.339654660668607
36.425924910554940
8.406019624630707
12.549249282992715
96.028174386285627
81.486498240569702
49.068525246385917
47.481691342195532
49.397663966926721
69.674506557654212
66.424703656607903
66.223103973088570
30.464825148630386
66.359069023287475
64.198062072270588
54.020411909948095
30.799037044226150
46.351912038277234
62.312700186687373
73.172172556648107
54.204494491845821
65.787156339390549
17.212064548899544
46.693532483634137
60.796307963025008
68.270402559203177
53.922579888496557
68.243974541161919
57.789579566766996
35.046994746759871
64.825579835060125
41.120618401068349
61.651240622387284
58.892227956027035
57.009309930134968
64.039983953772193
30.812363733437511
64.676578843940902
69.746311997827050
56.732027294206141
40.421868905039084
63.133993819978407
57.395052089431829
56.740059925359184
24.930210060918210
58.041567360859382
2.976038066154495
37.518425914127128
63.547865440353654
67.788442591341607
72.066815103014775
53.561639831517439
59.277682670618915
68.953508578970798
72.027752995411547
7.357475477493200
64.229547989778368
87.001220337644725
58.349741011823582
34.833113743576732
38.896665079321714
57.416548867211993
60.747710798824542
61.255111946037879
4.738870468394876
60.168416312540096
65.025293115484388
62.585030979398475
42.005022576788392
61.774772009453685
68.443094821487094
4.913826748064123
6.740947479829225
50.225599128934824
59.158533902443978
17.253209468309691
15.814019240660885
59.252957673846588
21.651494076300068
19.673076860728965
38.846260044172894
58.150238970092055
61.132499420557004
65.708877154138705
41.769210391716747
63.070468663337373
15.679104140792353
61.327954914980140
67.654979519976749
56.889182741410544
47.530113738581697
22.095206452800991
70.881139526235486
63.566739459717923
55.735651735987062
59.465505306876736
48.118560925232920
67.085462822003535
65.751015229132193
50.482652726102458
49.342189058730959
56.444482645209895
51.139922367951819
63.328627534670311
82.055740800695403
18.873657192682199
64.295889128009833
67.311465599711411
64.514323310528923
63.103504617258942
61.408920521509131
21.988060920639622
69.389932989771864
25.539524690402555
58.560882164767648
64.157202029622994
2.904058610713792
58.289575543951145
55.531513137360022
67.615781042778096
47.715090886869596
55.163285355647169
67.979484494739268
67.779557675671569
66.067608090648903
14.003673613947489
60.820840948610744
87.845209620244930
63.751723493637911
2.960932391947057
43.926500562213178
18.817925451219594
18.861472438404331
65.672525298244253
62.327258328961854
58.530241404813246
73.031286705664215
37.453432713831774
64.241736762822256
54.139024638567790
4.608483784805562
66.382571744807265
23.527023712293659
9.194987402092403
19.420146511144505
61.179148321891240
50.101331170135872
65.383385320431728
66.403424835427586
69.344476642912397
8.137682584687425
7.943943314070189
55.963699790183007
31.099732917328261
12.653169624015494
59.933259292782125
59.728850535820527
27.971926708455836
34.953025008113102
76.299580545976781
50.141308896135826
64.472800266438298
28.172226205557802
58.381888396812343
56.092866595518068
65.374324163594395
59.989606241590607
64.834008456648618
0.614900844210622
26.834907371686093
64.926547842517579
90.169979229840351
60.564871100279909
4.676145595076721
65.696036097565170
21.331764838466984
13.899889074129939
73.573874681751093
32.948999110122486
64.861719477154026
6.337840438320431
76.720442799995766
23.212962365436972
47.378769623380236
65.682733452932126
36.303987144890939
64.715852723572240
68.853774260926158
66.581302731387638
26.036908492771119
9.918114879955706
70.956129792103113
67.383921959633909
63.175811424729787
62.433763344730167
15.669041915173917
64.610400625979182
59.836273573727730
62.211658524030632
55.789663240776036
35.974484952027481
51.167081056956512
29.026443998108174
21.990012855531774
59.779048098245980
40.325438910765939
60.992783281786650
66.062863535189393
64.546071908733268
54.663915195244321
45.769805963886668
61.893501418589636
61.001586326896749
14.493014229946496
43.745094795697590
17.712136434547986
58.134323497538709
73.231129186599105
66.259072154845427
66.132798700268722
58.305884829734048
1.838249471425234
54.040721288959226
32.280283404638247
15.458754104019892
60.830560501623729
64.753052465835964
60.041465403145104
54.699150500515671
21.077379910656479
55.541662650686732
65.863121723801527
66.283063376683700
55.304645897891653
16.637731776833867
54.738852909520631
67.216098232180997
9.504850765194366
36.853373542513253
36.051368175364026
28.603486318944174
65.132431595702869
6.604158006723450
67.166184288507580
41.366680284554931
62.774336966155076
28.262243700741301
66.457886282755936
64.050056657383990
57.743472469332275
61.304422974320794
57.194676431078754
15.176642136891825
64.736402117275659
68.319618332333562
3.856882950908665
61.936052745076374
33.508991405673370
48.398612255527269
47.664664729885274
51.643381635722442
12.900939288883514
32.198763554294786
7.688505967985846
71.262828541291853
60.158112068395404
47.005102044777459
41.985471896552546
2.812746787594839
18.876755608080497
24.701495864868967
0.982861390368058
81.051199904202733
55.652472855353622
59.888340090985118
60.882347441457362
66.485007034845907
20.142408310158647
64.253712654040939
35.682987125125052
63.515297155387898
59.351054231605325
35.849635563741579
56.515146482830176
45.597929155837434
50.489453826366905
60.520357445004031
1.987588113192273
8.538293944458193
74.265214965733335
23.683311359051288
50.736594888165378
41.083094590882794
15.709433253383050
63.140346713933958
54.555240964253727
59.588745383195871
56.023804937318332
34.848778533119997
7.427000436334201
61.495312999191967
64.177434557173584
68.911881126921386
28.159146801227877
6.239219956074915
15.887231127542446
59.664594235518905
40.918026739817492
66.857576530146261
58.520683867302637
50.941285020012401
53.623487811673485
69.184390556097455
60.870005171832993
60.214740766523462
63.971169571032384
52.140843611755322
66.634777002597133
83.315154411980330
82.287630074638599
69.613677805312534
74.503852154028650
60.368026581660104
12.621797715512443
72.012850749786267
63.955919354889872
34.545230856095664
68.403466933017199
11.355034280626812
68.996699121968774
5.252875718385352
8.169390048564289
66.495339136889456
63.994050876284554
42.459092434390726
43.815906825656775
59.142429102223524
51.343130916073676
80.763943857856660
91.461511236010622
69.466550800882402
53.948899350072750
59.203053975640202
11.980274281339179
66.456142872403944
67.621620476742393
29.488790645366535
60.350576026226165
41.195016394241350
56.897387815801018
15.597817470402235
41.778094369534919
48.404912599941632
56.590074556480566
50.898871329561771
63.352772634067598
20.241881341390833
64.043779470915027
48.842685261421032
87.837329651496063
62.602495892675016
28.537558646802374
69.194508405346653
6.168852829227474
67.349328331134458
65.179661158882908
55.898438339677426
56.787850280665154
31.294062321802240
61.402835064729778
59.678776239243490
44.024571538418940
64.639945627323044
47.191446092675776
43.534689806938374
2.959141467539484
96.787696332716934
31.352847183122062
60.290385945950632
72.095325232457327
59.293472969110766
59.572030838153545
57.641411083514349
54.913536474894364
69.933973471857726
54.878281737128397
54.927992079357672
3.388764869646113
69.262328066922166
56.297028682955769
30.148491042465015
19.225962225001357
66.932560850665752
11.267649363736039
57.688185117236600
5.044459985587911
65.856422499761038
64.720670440059465
57.742490030935919
13.013100705094477
49.236212216740121
44.182735391690123
32.964041456044683
67.363355256135961
71.593465544250378
1.935094872283115
18.101420311079504
66.505194350642242
63.013527029904608
62.026489456753019
42.060643850319529
66.149193522334286
24.267487824583782
77.780577890752610
15.735233212795434
64.161217200238198
23.344577935632717
29.569791824165652
58.989810757261338
61.207777632568217
26.189592438473124
57.430520662166892
64.909266076890475
48.620215453123691
18.502161407407485
52.519932804431285
42.513340884816635
64.315360163778777
20.541907546592753
74.109960519933495
60.033756439919429
23.672418004215281
60.766221444666492
47.680378743659226
64.677980890810915
0.128604481981821
52.899334228158693
51.529080901513773
77.661590705161942
54.450833701521987
46.748218091640972
75.118310592174254
70.646104811665495
65.885114710978485
65.761487537652968
83.211926166270786
18.378665741767310
72.003411349799549
67.977144725028936
8.249382784244874
36.981076398334253
46.050216004362312
54.698114067642997
30.785242191325196
55.508413927531265
66.881268329732606
41.522799411371480
53.812587711211293
9.527162568268844
72.223005181088936
35.581625725056433
64.627122302848676
39.309484532473455
60.463990349381582
71.545871031708430
60.696074741077098
65.997371775028341
8.094506417683927
59.204577213868291
5.363197491770099
59.948427457874153
68.781917624356581
11.465752616651521
9.221659913672232
29.216458093178016
40.700733328515753
6.207920243866987
64.776567473061320
49.318717594097819
10.879317110019455
37.297162521286353
62.982606642636910
33.671099578655905
87.802030772241864
50.869658151335550
74.362014647890348
4.361552937045142
66.398866779703667
47.653881083499478
78.166410928660824
8.651663655185544
69.376723121610098
58.460619696399910
63.252223211208964
57.052064239722718
49.903537838254216
1.127870955480882
36.661088843996851
55.945858597111076
66.950562021902371
45.557100339002623
67.435616266945004
58.424839350026190
93.465119445074322
19.633485230274367
68.857593834113999
52.270062383980040
40.279853078240961
60.412105667806394
13.941806073542791
14.681661484536816
57.988351578002181
8.903401220330029
51.240521179859641
92.448011273476396
66.472942184666010
69.458406876994715
60.454666369024856
65.352786599646279
13.993498116334031
47.645597023688538
54.663804285787066
68.016239288622941
37.584029924699948
59.941589215489046
65.838690474817568
69.680627607010891
61.390907673046506
58.836264987096854
10.721508849549144
36.161492999663693
74.846869882591079
1.323166764242937
60.155359516971892
41.687807871586884
50.905970086302148
6.169580864804906
58.724513526910229
62.565663291971404
25.853586119791377
30.980374275171073
63.063485285714982
35.963216585653775
61.925965021844767
62.925563755637917
26.206068395188467
28.325436088942105
46.983128269370347
66.543826519510930
3.974849907980090
94.129286264455075
36.829270379375401
37.061163866403874
21.491322893112265
55.345643681346232
18.091132364386635
64.009509998639814
77.692565625036949
69.821291248534180
13.973773738305329
51.455033118810469
68.680693279897028
60.140562963996672
19.911550108850388
83.730066274602876
13.394993490729359
51.124471123684017
58.804520639961915
21.039890424058644
62.780833561050798
26.427180305588664
62.822074297708504
63.797773208507166
46.033718130956693
20.717847204953433
28.539158701892756
19.733246953436336
56.039389049382891
66.355594984153015
54.252696355335566
68.924952971386830
83.058534842574190
60.889610142576991
6.739476194874970
12.462269385065971
29.566932840225491
66.230552164419208
67.382950140522439
34.501973491228149
64.436416494699628
23.911602527558266
63.158585737969645
62.313772083119879
22.924640131678597
9.953306107966460
7.457498156023735
48.824043022239721
65.838861232060481
69.314892214993094
19.224191070156422
2.868680907845761
83.913400947554635
17.569654925756303
60.478225880292243
8.265596832906335
50.876032186388777
1.623292340603167
0.162294998861674
66.576695316560475
70.576824053754507
21.244675666496743
77.049059449034402
44.797523488294345
60.431842146439159
29.635907141143484
15.158591603672045
14.578626226742584
12.669978104626603
77.562870677992478
63.939399721441212
68.003433206672739
17.429458308388590
60.334389774633031
56.998073847155943
62.935538700076251
63.633622827322242
74.665558557945957
38.608149149897727
19.621075903743911
46.639436612961873
72.131954193260114
8.550638785782999
14.382245893005541
66.233364007142683
20.060217770162375
66.259211722688292
58.893097652988033
70.895122172705257
4.371649331770325
26.982596746052160
64.702884737114815
62.210836832007693
57.380048062507612
58.842379651322112
58.470938168176716
64.922196057661751
64.413010708243249
69.878469529584748
4.715210732386685
20.415817248322114
62.936210164778480
62.789150014486729
21.353395615842633
4.838435846735098
66.061219168717471
77.038259998698379
39.726171458166689
43.061883450826180
59.473655566768173
65.351864577102333
64.583131615656725
61.210491289346784
62.401138043817838
10.287152485898684
59.245983883529959
66.203281372036741
68.115295273940944
34.726969275744096
67.342788263931567
99.227822911323670
18.594634612783768
49.109550866137724
30.302928012406863
11.106733180894745
76.097535373212921
1.968173514330442
2.896346850903207
57.828746740359037
36.661959292600883
56.959135146953258
35.537605768921892
47.943129507677213
4.262727332948076
62.792820264811255
63.067014201140374
19.149825185454556
0.000000000000000
66.465009603821301
7.589334950112223
64.211964614178072
65.575357627089559
15.116602683675533
61.682687349385283
64.452381061868465
68.283864506700823
75.665259623375448
63.575061024879645
53.664703378306029
67.381738814416565
55.406170006337092
18.834262199823630
17.424903850970093
62.557035269466908
99.999999999999858
31.051917790795695
67.328597669766665
24.525575113516844
59.879437978084013
16.582657426463729
55.451970109451601
64.129287257810930
57.603306419013869
61.968527206297296
72.625385761733014
38.788356530424110
88.871131285334428
8.000782573188992
16.092822526885541
46.303125990548203
60.720092385697441
22.847365753270591
68.011528885285657
64.194866472695153
66.827439797454687
23.333818392288819
9.607560127142026
66.013828397437294
69.515535189715067
64.250960176887673
67.686054563046511
37.366848896442427
11.176771840949931
55.152313848799182
58.002521189581422
43.146774756908314
29.045929260872906
75.020920109740075
42.883061626104706
68.068799598175033
78.071326513591757
63.781084065157131
75.594545748037007
49.495432910171623
23.768013309507040
49.185437120815195
56.629509741377639
54.210749819944688
57.531242894259456
2.939191871369775
60.996308417768468
58.363693550194164
8.464755742924211
62.377191398751037
68.136112963120709
61.319847691575276
68.408169053728557
40.595228997343042
60.319323908376958
52.587869562714197
68.099244140283986
66.221052575829390
43.630586151917321
60.944110225898363
52.153585955068394
55.569105261210339
64.282124344093162
57.848649041882702
65.760419744582606
39.794937203931539
61.492361572871225
14.646663659644174
26.556153231185252
64.093967905389633
25.684159838548915
37.896595657751739
60.204146405348190
66.547693847025513
33.890646670173787
70.413368948636347
50.333048533087883
64.891384418575512
59.199092041271442
3.426880561586708
33.041974354349918
62.236695398473373
68.061268467970692
33.034082013771069
65.596427304494526
50.976042953895465
69.184788599022141
56.213217820006825
62.952247086525638
66.539324376589434
70.074728611872686
70.023148747308483
70.477489742148165
53.924906880198371
67.996558574635870
64.397013114166327
66.872595795119238
68.280360086836879
45.100790352611760
32.110497818913785
64.122676994843147
53.715797636934887
70.484743200140215
27.017008126873193
33.431307505403808
6.789994437877479
63.386270597608835
61.489948791752667
64.887207936748581
7.978517570866708
5.210791616875166
5.324401302073572
57.354352946386406
71.352083437830970
49.524226355295809
62.401751132311333
65.112263636366379
28.063611560619869
10.603250462647434
61.294741507429748
76.792392314688499
87.663025403383912
39.864630298984991
51.478727570781125
1.244446264905640
45.377698311494811
47.943097792355658
18.896186667415805
65.673584649563935
68.934008022313236
95.901116159385111
64.424179015606526
81.215092846466135
67.059268023268260
27.215756996556379
50.495926012261123
63.907251452342599
43.484572854064957
76.572728824790872
56.498732253626983
67.329232322136008
72.503136510889448
67.300705372813653
52.011205304261011
24.155207830751589
59.777814079978356
64.311500351134370
11.538791512410659
51.201894406877337
52.507546346299812
66.558775898044090
85.913937472752679
72.674272874513008
64.773782630960440
66.612479026956137
51.394460194031431
52.608116250985070
64.879067450848311
61.948634388852078
68.951475068433524
23.533003855194817
52.363081788849186
11.173013791974460
37.626103645797336
26.534223290283734
50.775533543954388
59.592045814588175
65.705011216474418
18.055694002577987
16.389116766743257
28.567829673451460
35.950397971019541
66.651371314893609
40.549169615686111
33.645012811851252
62.452586043582137
28.268484589003158
60.682152700265192
59.053444304570640
51.117630977206375
67.518248784251711
73.787250207768651
63.588503508907003
46.276463857516404
69.352087696960012
66.485440390416542
34.330831039223121
62.599656547011520
47.398971059230519
47.221579060064371
49.809996951433838
53.473812487555151
59.882555129312500
58.125620715697103
71.732273194535182
2.234300553690235
19.010294481876397
11.757182634534642
41.720762245673555
72.498267566166476
65.935201846810273
53.135007878454687
50.138886710283479
41.329817529474759
6.902351804575316
70.030554499627584
47.343838802686790
22.167738817075847
67.603222923501505
41.141078777349698
52.101560543207519
65.755017434066033
49.335339760737938
61.354802700553414
9.706735163437186
62.182786974812821
38.543861154879671
22.067571324512596
24.645686600158403
62.466134489209324
67.349424540169025
53.859671078684002
48.221021984220414
69.095273436311359
59.602170565381662
67.423634151182796
39.757451334330867
66.619944887567868
67.408363222456742
3.049034213210086
58.017681103840836
32.752132622844890
78.859998271398140
56.736585076902365
69.849519993694472
29.440599724139584
34.375702901019288
88.317184314092103
65.158380684421459
32.125247724841138
2.544575304695678
63.536511685524012
57.831253092283013
46.224861216773185
65.440221833715540
66.599156033506276
58.388075022335762
51.027893079071802
72.189828603920049
64.652946028877068
54.400847114302202
64.926972118152705
63.253939583511425
78.755283724091669
70.176530356005514
68.102153249396295
64.768652427898118
73.680380219820819
30.403272858645533
66.416606741641445
38.824589816953463
27.684593594891297
58.977346382195030
24.312259167476004
73.823761546247383
26.525614661545610
13.215849884276116
9.467287826913081
99.999999999999829
76.441371135810456
61.305884251327257
87.054150019745720
65.978039392148276
64.932623064715983
7.516358139910961
63.258131862031377
61.263079121941821
59.032122407802959
41.543815148768871
13.639299583208409
66.590201556605564
76.956014699340543
50.511581889718222
66.209288232574679
19.760285954100524
46.841132091138853
30.165861367287199
31.850591817402666
62.128441014099806
38.240804055402428
21.468782179951042
55.213434719285516
55.243938353737661
12.887322425167561
25.934286721802586
27.002850508763519
8.265097469365129
55.757764169006037
14.580238113654861
62.646622167983864
15.620499233837071
59.895834976944265
7.348714030838926
63.708761371162296
63.398078729380067
53.971100637362092
68.891090501243326
4.976678418585236
26.901014643669367
45.934284077293967
5.422363727063746
64.380347420327993
65.651031063964069
60.710866229604626
20.851709788712430
69.582376269414738
20.809791423631214
68.812102037624882
26.876887965760996
22.933376314179441
92.060092026797705
62.587663089211318
41.926196805961531
59.307867971511271
75.139561234841764
29.730350050538863
34.357871447719987
65.610471077722380
9.683952973323638
42.404777887195827
79.579579604123055
65.381255058688993
25.257421890627604
58.306708497674187
26.489831493226106
68.708263442100147
99.449443370340362
3.583069932607469
55.956053085927770
50.508819389973269
66.809632362554069
10.981294680016124
65.085891820628078
8.760932039468436
7.636113100221648
33.244858464094314
61.675318858313894
70.307052385086848
59.541725890227745
7.160563664714338
37.112774402993587
62.246091942266290
60.567580651434490
10.505908560856914
13.316834004742780
68.717199135135942
53.379441420987860
47.375782150347746
67.720295394965561
56.226357023088276
59.135676276721320
23.387617281297036
24.186175574987093
66.806845988302456
66.816672264307044
62.251322620596561
62.309895645015622
23.329402099384069
90.864184417757315
10.941623517058678
64.622696255452539
45.579575004590474
70.782099334618792
63.676489437532894
30.832438002835897
66.336081345064187
56.543765039713797
56.011062399166590
61.875623910988303
19.449470200176851
58.963112313736637
59.635728958045796
58.472649022286078
71.015820477682510
26.924940234417342
48.169773096459295
58.976413799434106
61.556021454314156
61.896468960952298
57.433129794835018
40.511457699495928
42.653006721646115
28.855777600235655
11.573785709551453
24.234543928303331
61.177611139549001
29.439483559917786
66.231714785255178
69.644042643480418
61.506412940870732
62.346806828870250
57.824099044822738
11.366979364641100
66.594884489415762
52.611072657348522
51.197691903819660
63.459513214953510
56.101702315021200
32.243531693432182
3.834746951958323
18.312517262684683
51.195394476089888
12.262445925227476
43.243997780762747
64.106993367221975
64.106101686173986
23.191376725558328
63.587823739329792
56.838229085350939
73.697245930698088
56.838283920310886
41.340359782093081
27.202573368292200
26.755275240386375
83.986468804797369
7.499660756734746
56.876515323941646
70.198158731897507
65.308280532107119
71.505486105991992
17.544676523700247
58.037706162942534
27.490071737968044
94.726544113761960
56.824002292507515
42.057548227062803
62.456128323506725
64.447987866978224
47.538113179456268
62.139230131473347
5.703727877408251
92.975603581331086
28.425848922806992
67.827268248566881
65.006884422769389
66.230562672333534
59.381411718964657
66.777660916496046
57.842866828674090
59.540128893901880
69.614516331331757
53.088370185882972
0.813769358225815
59.125202759527490
55.641495066106984
0.636390316580433
62.311791242479913
64.609562886741500
32.107514661751388
58.719839929221934
8.073104357619343
61.449506729121950
23.393984634177933
13.935931209460072
47.033976085409890
32.484189674260207
56.172627096112336
60.968555584779189
44.144920279431403
64.808477464070293
66.477399354488298
57.465111405193817
14.007715932480153
16.178970986501476
36.747161318673825
15.800697348124022
74.142484569644381
59.919035710496217
69.125252803354854
59.051162903485476
16.799109258435962
42.928726843947054
60.680947269874729
65.792508048317686
9.383618185315365
34.656828668493795
42.798412235443578
59.301812215393376
60.657436759640625
69.397090735793114
5.493063413670682
52.315160969565625
56.611993536247567
56.267602242923175
69.477890265837175
56.207811757696589
59.112655215587310
40.289802642541865
54.293625799011551
8.710142407999756
82.807767138260445
16.440985909072303
32.353316592761942
62.372049086743942
67.021785734166784
60.608623561937456
70.321045042238708
67.354558024616964
10.411859495243952
44.597691437034946
59.330737071122712
67.870951170990963
77.221335768386197
79.531644879044862
65.543071387521010
75.986504356457715
18.776602941817139
58.145325350500720
54.526004916374973
63.937639631229985
67.089443359133298
16.673972897959629
66.919742763184743
60.735908447933660
55.898547197601125
13.196096275818945
5.418418204832359
21.989091881763752
62.353104104871484
0.528529708800781
43.500245114322105
61.015018667338005
9.854591778641465
53.991796957172262
60.470191162628723
50.806128611422970
68.395074117361276
65.350653102908637
59.382633579088541
66.101843537074288
15.865702229761419
67.132918817722782
56.029833840637025
68.629232461593645
25.319904310814859
56.993351385360342
8.314809605605491
60.741577323908615
62.484245027836600
61.601932733761302
17.293991628701669
51.424680716922289
60.262962623814268
51.752470621568904
53.386085448943646
44.116630170591883
10.603455251015088
55.436151575368605
43.440759697054489
51.980444915095021
60.986122780859823
57.046057472596182
11.293050719226271
63.713054756666253
18.897099204498975
19.040745787348964
7.496309902748590
83.496296987539537
41.323857885570867
55.360326223864625
62.386997974660204
52.605557584377379
54.735905562116280
16.594563077433605
65.830952765997381
38.538131534771111
63.478128993502473
48.770271202518622
59.582828479504833
59.907146327622478
59.640496941797977
1.662976643737908
55.447641238366629
6.814617046862664
66.291002189505392
67.053755375519017
59.772138589637940
65.665226187019229
66.496470759676484
65.481164247283743
54.505896572909293
10.996616508079713
49.635875336732937
78.851386264692934
50.751360991760272
61.123100098564151
82.797056091702501
59.189606630694591
71.949832437500049
73.411140715336103
40.171879893976012
59.075745815435909
48.950630226025382
29.567332162259948
59.070512283988378
51.416286145387502
61.993716517658392
49.106578231733330
38.182807520325944
62.427660516773813
46.606694900380603
65.677508105151418
64.480506616730835
70.693645092606928
48.360263767195242
55.689032982459061
2.247949785557398
61.222822059828751
65.522381297443516
56.501659781251441
69.383531970164128
81.273830230248535
50.946863035028372
3.681596687320431
62.470374644771717
45.188002473192938
19.883449737289361
9.604614607221546
64.596326745078983
66.300665223625870
10.209942913312394
60.413467449829049
59.434333417257882
