1000 1
305124 0 3312
825753 0 3537
267717 0 2389
644334 0 3473
632785 0 3751
130469 0 4310
903395 0 703
259698 0 2906
758719 0 3046
244903 0 589
391086 0 4380
-483178 0 213
371610 0 3647
978067 0 4980
845935 0 1174
455349 0 2777
692989 0 2642
716115 0 3550
-435056 0 2809
824976 0 3797
319375 0 1967
-94542 0 2211
983650 0 245
-758380 0 4840
290225 0 3169
-641808 0 971
-389453 0 162
-63296 0 880
-285262 0 3901
473397 0 2978
676975 0 1341
-659848 0 3205
-560624 0 1171
842201 0 4549
330159 0 1428
-153476 0 2820
696793 0 4285
917595 0 4485
493736 0 642
997157 0 4012
-60254 0 334
-846690 0 845
747727 0 2815
-7060 0 4739
546277 0 3454
19158 0 2372
-977974 0 1085
-745859 0 1781
483912 0 3891
220787 0 556
-67064 0 1990
405045 0 3108
201241 0 835
-106595 0 2226
461208 0 3990
828394 0 3216
198356 0 4206
-748738 0 436
660626 0 564
92762 0 1067
-370337 0 1776
-453364 0 3680
362261 0 4020
958016 0 2009
-159134 0 3825
-763938 0 2488
-634508 0 4605
873553 0 3488
969350 0 564
474060 0 3974
141003 0 905
421274 0 227
856697 0 2595
-27811 0 3303
567935 0 566
704522 0 3548
-321838 0 1378
818222 0 4885
94902 0 4471
999300 0 1723
73767 0 4582
-983706 0 3651
996260 0 609
691318 0 4877
790075 0 650
-291987 0 4327
-789942 0 3959
505828 0 2735
648097 0 247
261045 0 2956
-34165 0 1970
474889 0 4006
-338079 0 1933
595943 0 4343
715688 0 2573
308574 0 4442
-579777 0 4242
-870588 0 4022
473417 0 73
-71380 0 2190
384369 0 3496
-365892 0 2461
-444335 0 4653
412606 0 1892
-557331 0 3854
760123 0 4160
-836634 0 2992
366582 0 3734
-446015 0 4245
-262665 0 2859
-370785 0 3915
-954719 0 4940
-283546 0 3278
262645 0 3523
-8825 0 3599
-608223 0 4693
-723870 0 2602
513021 0 3250
586728 0 3576
-145568 0 2665
433905 0 4471
-179289 0 1834
887439 0 3749
-992069 0 407
126997 0 1409
506899 0 583
10041 0 1416
-90069 0 716
-568582 0 350
-187791 0 4185
-498561 0 400
-336213 0 2283
17889 0 1062
796991 0 850
-241453 0 2580
-682797 0 3951
-991172 0 200
-298370 0 3618
-425544 0 1168
-836226 0 202
-118573 0 2152
-496747 0 4921
-242601 0 2094
-116428 0 2517
-911027 0 3666
150490 0 3370
-926282 0 3822
-448534 0 3896
-492539 0 1763
855429 0 1908
-868896 0 3008
-951812 0 3743
125128 0 1045
429732 0 2707
88920 0 2871
-657980 0 4629
-312410 0 1822
524284 0 1100
979402 0 3522
115266 0 2892
924713 0 1448
843983 0 205
569599 0 1345
506157 0 4220
562293 0 3832
421567 0 1225
921309 0 3848
936355 0 3585
174355 0 102
560754 0 3452
-603469 0 368
-197771 0 4618
-326217 0 2163
-55510 0 1417
-435432 0 3919
42568 0 2859
-91065 0 3924
-983275 0 1974
-381756 0 875
818871 0 2049
624743 0 909
-662272 0 3061
38797 0 1047
260678 0 3908
-30732 0 3734
-437742 0 3932
-626815 0 3042
-923292 0 3540
-657431 0 284
990994 0 1578
546187 0 2102
-730790 0 3549
747730 0 3089
-262499 0 2659
-488448 0 2691
-382502 0 686
-942644 0 1827
367950 0 4293
465510 0 2944
-804085 0 4553
-561544 0 3018
-781287 0 1572
227185 0 4693
-622267 0 1262
274482 0 2968
-490617 0 3013
132587 0 1295
691529 0 2265
-311651 0 236
763993 0 1809
853258 0 552
941154 0 1544
511612 0 3509
-598021 0 3060
-227767 0 4855
523 0 2680
809365 0 2132
-752886 0 2069
298041 0 4703
522980 0 2885
854307 0 4235
-762485 0 232
47664 0 160
-19327 0 1519
883586 0 1715
587318 0 3306
146336 0 4598
329604 0 2943
-101956 0 4888
888708 0 4336
-243466 0 2188
-852580 0 2104
620004 0 1179
207083 0 4416
623072 0 4293
849668 0 333
-595167 0 147
-260997 0 2122
847496 0 4115
932890 0 2193
29621 0 3664
605335 0 2436
275062 0 560
385004 0 4604
-608373 0 1017
-944901 0 99
-919319 0 1109
101225 0 1816
-249090 0 4158
150633 0 4831
346175 0 3165
133849 0 2429
302926 0 4211
-453060 0 3990
-822410 0 3653
-212407 0 413
-888628 0 4715
2446 0 4483
492386 0 3564
-164093 0 1023
-840488 0 924
-507288 0 4449
455572 0 2481
733871 0 4075
381474 0 2938
-668297 0 2602
563195 0 661
590462 0 747
-106830 0 4856
-888223 0 3105
958263 0 4964
281177 0 460
741539 0 1572
-683557 0 4992
907236 0 1139
-42313 0 2402
-317097 0 2873
718452 0 3230
-284291 0 946
851926 0 1819
-24978 0 3573
136334 0 2222
296379 0 3000
-143315 0 1208
-962319 0 1737
909723 0 2125
813609 0 4667
-32751 0 2687
385521 0 3188
-861315 0 526
-678549 0 2093
-496509 0 3614
869703 0 2478
-130047 0 4710
-879895 0 4921
-145551 0 2928
260493 0 3217
737730 0 3535
-993494 0 4869
-709781 0 2241
-283037 0 4742
694628 0 3557
688078 0 1136
-553339 0 3717
-999701 0 2893
-199968 0 1462
-123178 0 532
372555 0 1342
890369 0 3230
31291 0 4706
-693649 0 4731
287117 0 163
524995 0 3938
3900 0 1836
348120 0 2927
602794 0 1981
908384 0 1476
-806425 0 4175
-610931 0 3716
-333253 0 1882
-551837 0 2238
-334765 0 1124
901874 0 4534
-772665 0 2372
592296 0 4484
-304972 0 2698
866605 0 3721
-288518 0 2198
127781 0 2719
33441 0 3226
483915 0 4074
34186 0 4622
-313139 0 1947
-427570 0 3772
-39186 0 3889
-826612 0 2184
-893426 0 859
563591 0 2941
203929 0 969
-338059 0 4568
217499 0 4802
77598 0 3357
-609556 0 4980
475401 0 4710
276765 0 4988
-422882 0 1858
-255343 0 3930
-257658 0 3344
187549 0 2951
-708900 0 4590
-754109 0 3537
-62722 0 2426
987645 0 1128
-365154 0 432
-378694 0 3967
170792 0 2219
-447496 0 3662
175533 0 4718
-751692 0 1677
843989 0 3162
-642982 0 397
-115490 0 4868
935400 0 3476
531292 0 148
955015 0 997
-820025 0 1089
-24954 0 1904
-866936 0 730
18862 0 483
-159878 0 2508
350105 0 4214
-354469 0 1335
503408 0 577
893078 0 874
-783564 0 3169
339848 0 2902
-469338 0 2827
973208 0 3221
108254 0 3448
-680883 0 4624
931756 0 1454
-715877 0 3017
-65842 0 1312
-108984 0 3954
851594 0 1769
287079 0 3222
-188548 0 3273
232618 0 339
397269 0 2953
-601409 0 4945
-658779 0 1609
-48814 0 2978
-817357 0 109
-997195 0 3711
-637726 0 4985
-821702 0 2280
-174341 0 2939
12170 0 1726
-188779 0 4315
-939938 0 22
885637 0 79
308850 0 4075
515586 0 4882
-34181 0 2305
665056 0 4327
-458377 0 3852
978117 0 1337
-236005 0 1159
-681134 0 448
-847673 0 2369
-353018 0 2746
799902 0 4696
660918 0 3752
819828 0 1406
149682 0 1864
196744 0 2119
-214235 0 3144
456089 0 4030
219262 0 1055
747959 0 2188
-944614 0 3477
757433 0 512
-453462 0 4473
337593 0 2639
496130 0 1400
-883516 0 3318
525650 0 1271
820025 0 4710
134805 0 2281
-157788 0 880
768479 0 4299
538363 0 2134
-626857 0 502
-591460 0 4932
-838917 0 1395
-706096 0 4056
553322 0 2814
410829 0 438
-448578 0 3406
982558 0 4752
-118887 0 4919
-493966 0 2265
-955284 0 2522
201534 0 3510
-770083 0 4839
-15646 0 311
804953 0 2756
-846774 0 629
362108 0 3581
-658490 0 4936
-1061 0 873
-198608 0 293
691793 0 55
463127 0 687
560798 0 181
-146998 0 2127
-552365 0 247
-201241 0 121
-146108 0 1444
417625 0 3184
-43509 0 3978
-911356 0 466
-408185 0 4861
-119213 0 574
-643136 0 1109
823795 0 4023
442040 0 200
-757834 0 2959
443088 0 1005
-127940 0 3529
563535 0 4061
-449389 0 1775
692200 0 3031
-642336 0 2934
492450 0 3305
-158895 0 2837
-533416 0 1080
-677519 0 2894
-914837 0 1772
-297476 0 4651
-915213 0 3717
-197565 0 4889
-920015 0 2729
684654 0 1886
367574 0 2011
-633441 0 4354
-434777 0 4542
-840080 0 20
237912 0 4356
-982761 0 4904
825962 0 1265
431311 0 793
649945 0 4926
-382734 0 2574
756544 0 3813
987333 0 3199
-557604 0 4124
-247000 0 4959
158317 0 3608
-979086 0 3020
-321074 0 2453
403620 0 3527
-815874 0 4859
-417691 0 88
390849 0 2880
471492 0 4720
-608489 0 1576
788021 0 3283
81172 0 2242
877481 0 3358
968864 0 3988
-712255 0 2939
773208 0 177
385460 0 4660
584439 0 2015
700802 0 2635
-517836 0 1044
238938 0 4232
-828968 0 2679
-965713 0 1377
-369987 0 1234
302977 0 432
-434781 0 2624
110195 0 1057
-726046 0 4754
-505377 0 544
-47115 0 1649
109944 0 4194
608160 0 1530
-295462 0 4176
-729970 0 1792
-128543 0 2109
782180 0 785
-678428 0 2033
-104056 0 1143
418998 0 2113
623788 0 4289
-327705 0 3553
563165 0 4749
-110568 0 4573
407925 0 4419
-6784 0 2150
-964689 0 232
-897574 0 3489
-756653 0 4567
-100509 0 2007
927314 0 4058
246351 0 3172
-850188 0 3716
172639 0 565
984295 0 1452
497041 0 4345
-17877 0 897
-184319 0 2223
-735223 0 404
92338 0 171
795733 0 3534
23866 0 1076
167864 0 3694
578643 0 705
-864214 0 2796
-434492 0 1558
-595675 0 4934
507310 0 3347
-451047 0 4938
575698 0 4513
113503 0 1082
855816 0 2451
272916 0 1346
-146452 0 1447
-933672 0 4776
-936196 0 2053
178154 0 901
-644405 0 1070
-756761 0 4356
-575975 0 927
17552 0 2376
490588 0 3393
436729 0 934
-823577 0 748
-630091 0 1863
220270 0 47
564231 0 3266
524609 0 267
110610 0 613
543446 0 2614
-550426 0 3975
-740446 0 279
-967293 0 15
795168 0 1065
-642497 0 1401
-825841 0 1241
-757592 0 3139
628011 0 2182
-413058 0 4307
672101 0 1788
292048 0 3215
-577148 0 2358
-370594 0 3716
375357 0 701
-744153 0 3349
-39280 0 1714
-717349 0 3360
-82321 0 2711
42429 0 1739
-623687 0 1221
108075 0 3851
-840580 0 4263
64756 0 3475
-717556 0 584
772697 0 4710
-609084 0 4986
292410 0 635
-948864 0 2742
-440488 0 3493
-488113 0 4605
523347 0 155
481545 0 878
-277813 0 718
-89014 0 220
-822966 0 989
660125 0 4188
-836906 0 1940
-589261 0 1619
733650 0 656
40332 0 353
901301 0 2044
894109 0 3616
513423 0 2819
-48041 0 3123
429287 0 3548
309184 0 4365
270714 0 2638
-48927 0 1355
-718090 0 4840
-542538 0 4358
364623 0 400
677250 0 769
-260379 0 1920
602159 0 3994
801490 0 305
-321833 0 4437
-681788 0 1481
-621908 0 353
668069 0 2291
-464393 0 3035
-41226 0 3910
168421 0 1087
707683 0 2577
154216 0 3256
374342 0 4875
-571672 0 1598
-841564 0 4486
-732401 0 4543
-379779 0 2231
-774836 0 636
-492201 0 4046
-65217 0 24
35247 0 3885
-906679 0 2815
606522 0 3971
965928 0 1712
560614 0 2363
-381669 0 56
-729819 0 4659
-956001 0 347
-694939 0 4024
840664 0 4177
921458 0 4125
-616589 0 3891
69420 0 4288
555079 0 4365
-583705 0 1107
819505 0 3817
-934353 0 3456
325973 0 2109
-98882 0 1884
-900346 0 4267
588923 0 454
-49091 0 293
-419578 0 4852
164518 0 3744
-728765 0 4424
235946 0 2391
-589692 0 4685
-80506 0 1490
-662983 0 3520
-558630 0 996
484590 0 4628
-553862 0 4331
811347 0 3683
497238 0 4508
821632 0 1711
-764148 0 4571
-534057 0 2789
-683253 0 2623
642822 0 4060
-624409 0 1502
-18147 0 4973
-113867 0 4614
911690 0 977
-840127 0 3007
-702266 0 1133
848102 0 955
-94491 0 3708
-939030 0 3409
-52226 0 3281
401691 0 135
28929 0 4191
497569 0 2058
-439931 0 3796
-721919 0 754
-499750 0 1985
704811 0 2749
-642231 0 2702
-487538 0 4915
558199 0 400
374568 0 566
892523 0 3251
-869360 0 1600
-27063 0 3577
800044 0 3526
-587164 0 190
-685175 0 4517
440639 0 2760
-975377 0 488
-24274 0 4243
346277 0 4732
-652228 0 3984
758740 0 238
-852451 0 784
-915607 0 3513
632938 0 255
441179 0 852
-639766 0 3013
-564973 0 818
-808699 0 1364
-773725 0 3945
818969 0 2889
-299496 0 3333
-629880 0 4277
499848 0 1876
-546765 0 3733
341586 0 4232
119656 0 3224
-215420 0 4161
295917 0 4507
707275 0 1032
835811 0 1153
907286 0 4681
-17266 0 3542
-490631 0 2322
227995 0 3084
-9650 0 4140
812582 0 4163
809808 0 1728
206317 0 2428
23166 0 2441
802278 0 3131
225324 0 2143
-616524 0 3514
-508245 0 1919
596928 0 4137
-688879 0 277
-169676 0 1844
-698915 0 4774
198781 0 3052
-933444 0 1710
540543 0 2706
-951469 0 77
-164607 0 4354
740557 0 4142
477825 0 1494
-334667 0 83
375591 0 3807
-77236 0 1680
-60267 0 2730
-968059 0 1910
615426 0 4067
999162 0 1155
589028 0 1402
57743 0 3074
-777573 0 3785
-368191 0 1430
255910 0 3561
310838 0 3832
178170 0 4976
-289567 0 1169
804047 0 4696
-662839 0 2997
779383 0 2503
-609020 0 90
-965406 0 2244
-757808 0 298
754400 0 3119
393929 0 76
247989 0 3994
655863 0 4123
-473895 0 1379
680937 0 396
591027 0 3013
643981 0 4706
-305905 0 4318
-133855 0 4103
42353 0 1137
754645 0 2104
172747 0 2128
-202668 0 4925
-796692 0 3182
139794 0 683
767971 0 1947
510731 0 4526
-893910 0 4204
-580025 0 1498
-716391 0 2459
-72635 0 4301
239572 0 3165
753499 0 3756
-450992 0 4579
144518 0 2334
-277373 0 1178
762389 0 4542
-816556 0 451
136106 0 4495
-638532 0 187
553511 0 487
242067 0 3979
-641863 0 2450
439437 0 50
-493266 0 3382
-588135 0 1976
80505 0 15
-69783 0 2869
593244 0 3623
649462 0 2487
597188 0 2235
295533 0 1402
36526 0 945
-282043 0 65
332250 0 592
239019 0 1087
-816424 0 536
-933769 0 1168
-686502 0 958
-294667 0 1125
858645 0 3966
-674124 0 2348
-66070 0 1761
-383185 0 1266
-633199 0 3456
515316 0 1493
-134096 0 4775
897381 0 3922
-300244 0 1634
287957 0 2293
894917 0 1020
371402 0 4365
-668742 0 955
687941 0 3578
-815367 0 1655
-522404 0 2650
-434516 0 787
685302 0 1393
589378 0 4695
956957 0 1415
-662517 0 666
-994221 0 4845
640915 0 4996
-748706 0 1350
-576111 0 497
-847880 0 1329
103413 0 662
946232 0 3714
530919 0 4976
423302 0 3789
-848385 0 500
864921 0 2604
-236796 0 713
-51896 0 3788
-747980 0 3642
578167 0 1334
-528529 0 2203
13250 0 1843
-383125 0 2613
97204 0 1164
-711308 0 2742
-853520 0 4471
-544733 0 2914
321232 0 4568
508986 0 4132
780968 0 1315
839245 0 3444
994133 0 2860
-101749 0 1470
796395 0 1356
905536 0 2811
-690453 0 2949
425488 0 2513
-446753 0 845
-803509 0 3603
-171902 0 694
-47981 0 2663
987053 0 891
647656 0 208
871517 0 2900
-119698 0 3908
472697 0 774
421294 0 1539
660571 0 1841
-717727 0 524
-507120 0 3587
576434 0 4994
395102 0 3382
945699 0 182
814289 0 1610
-471268 0 4991
93218 0 2556
-800000 0 860
-717796 0 3740
7089 0 1305
-405946 0 2259
-866711 0 4129
51649 0 2522
964451 0 852
-326186 0 1373
196352 0 4896
-556088 0 4375
-263409 0 2728
-799909 0 4190
-272510 0 2823
-266282 0 4468
701064 0 2452
-624927 0 3652
990052 0 4479
401675 0 4212
-305750 0 4173
366769 0 661
867639 0 3250
-151173 0 4075
309090 0 1790
-604992 0 986
-352960 0 4693
-42548 0 4464
782142 0 1440
-842363 0 4000
512774 0 4586
-931293 0 4644
-325497 0 2167
-143435 0 4971
-773618 0 4148
-102376 0 3516
249645 0 748
323020 0 2839
196386 0 1492
-455156 0 285
174412 0 4188
862649 0 980
-517561 0 2239
311852 0 1927
-879910 0 4866
-766870 0 1668
-982151 0 2769
-276883 0 3232
-564184 0 704
504817 0 259
-774181 0 1554
-220561 0 2103
-388309 0 1641
-957712 0 4644
-962465 0 4932
391536 0 4936
-552737 0 3862
988114 0 3569
-692801 0 648
11506 0 2908
-658743 0 1054
761469 0 4841
391731 0 4688
142155 0 2646
-947355 0 4294
892421 0 4798
-57456 0 3379
-981271 0 286
-675205 0 4624
373694 0 3504
-2426 0 4737
-172412 0 1961
-65832 0 2166
-897074 0 3897
282158 0 4355
719165 0 185
267197 0 2067
277471 0 4096
-475132 0 1439
-177547 0 4274
-35542 0 4451
-280497 0 4235
138986 0 4865
797578 0 798
825254 0 309
-2000000 -10000 4000000 20000
