17.394977496929982
100.000000000015902
39.569896518934407
18.761991134403100
100.000000000015348
99.955905742708197
99.999999999980346
36.929329015630586
94.075757942790190
65.125296580705395
99.999999999998977
4.478583532521974
100.000000000019895
94.505050229169413
93.423362119153140
50.104504452693078
4.889852073841610
7.070049683684252
29.677387130106197
33.113204753671553
100.000000000025324
9.685226002781731
99.999999999960323
100.000000000004491
95.049672326523037
57.297172309746941
95.095133973456768
18.531190154412283
99.897102413773510
100.000000000019625
99.999999999998707
64.012159986810104
98.541988710130056
99.999999999953602
45.686877147350266
100.000000000001322
88.247835538004978
82.958595238490716
99.999999999996717
34.662921917640851
100.000000000002672
100.000000000067359
86.803507303819515
99.999999999972417
48.563362341948221
49.096113198639088
99.999999999995964
3.864329546145980
100.000000000001762
27.511994387726894
61.388589675397370
100.000000000000000
92.578430500126871
99.999999999958021
98.746386186965324
99.999999999938140
29.648870910403748
100.000000000003993
99.999999999999503
44.417144934920643
85.871667134224310
99.999999999970640
49.998176331886462
91.239190590531436
100.000000000008669
99.999999999998678
100.000000000036707
100.000000000003951
100.000000000000824
41.287049115942942
61.633991598500074
34.413417744339895
94.253612011483213
100.000000000017351
16.250104847924561
29.368487437653702
32.674666885757617
75.029583262569759
57.262493053593907
97.916998232056670
39.294202112792789
53.515402653836361
84.713810616537629
59.492206555507501
52.243244311557113
45.800707468030147
74.495834485584311
99.930505277848013
67.588851659398770
100.000000000023221
35.759130153336542
42.395896823954629
40.488160644153830
99.999999999999531
71.009706960125698
78.526310028738635
8.233317575788471
99.999999999965453
100.000000000033637
29.639951133752511
99.999999999963919
99.999999999986130
99.999999999999602
100.000000000000213
99.999999999999545
38.333768967665542
100.000000000105601
100.000000000014225
99.999066147216212
97.921471336200597
70.561715311010559
42.093677915202164
99.999999999990564
41.463320147113109
100.000000000037645
99.999999999960863
99.999999999998508
3.452446565512228
100.000000000005613
1.543341505646024
99.999999999992141
78.802561762490669
43.302948065735507
100.000000000007120
6.092560872903777
99.984229000379997
25.155701004223392
89.919048717749448
34.616770327820063
83.083651821432781
7.596693505473716
64.943399088927478
99.999999999912305
99.999999999997144
73.055458796836092
48.365952760665117
81.025739603532102
100.000000000000895
100.000000000000000
100.000000000010488
26.381611110629173
100.000000000072731
21.969298554866313
81.834436137667154
31.644659049532073
22.304143438014538
100.000000000011468
100.000000000012207
99.999999999974108
45.841516294159000
53.790431202933355
29.936481872520666
95.331026700566468
92.334507790823835
99.999999999985761
97.590055118866104
100.000000000002501
99.999999999888161
75.011750677009175
5.273891877625675
100.000000000012719
53.446852692214925
99.918162480406735
9.774813771833230
31.948919954481212
37.667252708728988
44.438519155042407
99.999999999927226
39.463696510439640
100.000000000002046
100.000000000004448
99.999999999927482
30.119624658580108
20.047718645736396
99.999999999999176
99.347795832373293
84.550555734387856
99.999999999975984
66.340524505156210
0.790562669596250
65.596020348380989
14.690483952211281
99.990699966566041
100.000000000000668
98.229491567428809
100.000000000004732
15.552055742813225
14.109063458371391
100.000000000000952
99.441504818381802
52.425159711002891
69.042510783656169
87.839391975423837
84.713802241856769
96.962635658247194
100.000000000018787
99.999999999996177
99.999999999989257
84.050050245265879
10.919572729365125
100.000000000059401
0.324885882646348
62.875357320085868
82.026884114631059
99.999999999948628
50.841611785272953
56.329093000088790
6.004660016680938
83.404150082218948
99.999999999998693
2.498701732433699
13.716302218121692
70.432284247701759
99.977162715085200
22.528337090933061
75.247796498683542
99.999999999594678
88.631840709292220
37.591668275611070
99.999999999951186
100.000000000045659
53.480861142930387
68.730948407651681
99.999999999994373
99.999999999994230
100.000000000019924
52.024424883756794
43.069511680858440
33.429332652089542
87.049930466065916
100.000000000007589
19.207680415573389
68.676898274511160
100.000000000003880
99.999999999984254
92.153264450671898
100.000000000000227
99.999999999947306
100.000000000032600
100.000000000024997
25.164405952124596
100.000000000018332
9.422250388241663
69.843514945193547
100.000000000013600
59.500101629056616
57.962213730117718
69.750639727646359
91.356187767078680
33.605818665555915
61.586153125974825
80.196377193505114
100.000000000005912
100.000000000018133
86.502790375149658
98.464940690214519
47.268492112095380
81.821540593494987
1.123563120471234
99.042685266891894
100.000000000029758
57.028218873733124
100.000000000075502
80.379667303854248
54.525912681321472
88.990998697595671
99.999999999997726
69.799062208729325
87.142748567942917
88.081731611452824
86.818458788138457
99.999999999972729
27.900095982398678
53.616478940563873
100.000000000034532
66.933200828140698
80.146982474652475
84.096101091724705
61.501875984617200
84.431128789294092
86.640670882103265
48.713840748302985
92.822437326420939
99.228184613607169
63.734513951788173
100.000000000030667
99.999999999965993
25.752768126719737
99.999999999999915
97.779676229913974
99.999999999992554
100.000000000000071
98.773703637439453
3.292720412456601
90.662799254766128
100.000000000002757
57.607769283084345
99.999999999997613
99.999999999950006
99.999999999991459
87.836650271718938
100.000000000002004
100.000000000019554
40.194539721894785
98.680826215035182
99.999999999970143
98.162326768620318
99.999999999997499
100.000000000001890
33.782660744315379
98.310261834893893
53.860943353373173
57.550859486176726
99.999999999969233
99.999999999999858
76.219767324236713
99.999999999991189
47.944351084303236
100.000000000024684
30.504529377667520
71.288429977998632
51.290102259345183
100.000000000000597
99.999999999998906
12.386876504222881
100.000000000011184
52.125457509309626
99.999999999993136
99.999999999998920
100.000000000014069
39.456950901123655
99.999999999997797
20.052363219321549
99.999999999991431
96.805451147333017
20.067702173345864
99.999999999999659
38.070922329922624
60.993510532985916
6.757960812580345
100.000000000006949
7.471220092557339
99.999999999971720
19.573035293232209
69.008176086108989
21.037678358184078
99.999999999985320
100.000000000009138
100.000000000070884
39.529069791688229
92.663943568067822
66.516684700085520
99.999999999988248
100.000000000003297
20.922365430334779
63.085284618166050
99.999999999972587
6.288008106366664
98.490105803025514
61.282095617276539
99.999999999944379
100.000000000021728
39.883434269313341
59.386731669276664
43.695057618129724
84.091940091095168
38.038764803706997
99.999999999994287
36.939007278826345
79.742911929117483
100.000000000025494
99.999999999998622
67.552466445824933
18.284999870720586
50.554390463191865
12.750011210858586
99.999999999959769
61.377118143871165
100.000000000000000
42.867903567930362
58.864608970292835
39.154585554603834
52.210105112619637
48.777552806517384
100.000000000030781
35.673320725879947
99.999999999997371
74.782196053633626
100.000000000056858
99.999999999992013
100.000000000035882
100.000000000026759
81.696456672714461
20.121921141957547
99.853133081164714
100.000000000034262
38.196184632136173
99.999999999999886
99.999999999949935
99.999999999999815
93.936397503931900
95.070334360274842
99.999999999999957
80.669501157375635
13.710833257124525
36.194765195548094
70.613265179101106
99.999999999965524
100.000000000009578
99.999999999999332
23.120150570464514
37.136179841966943
87.965123827006281
100.000000000023221
48.842100256912417
99.999999999998138
99.999999999923205
54.067263414025312
99.995984929709806
99.999999999995708
72.392805991563947
64.069783001892915
99.999999999997073
99.999999999999872
73.539613318631936
99.999999999998451
100.000000000039293
100.000000000004633
77.463790883127302
36.046365295723866
53.440126963152409
84.204045421184048
99.999999999997570
100.000000000102347
99.999999999999389
10.351704546890264
100.000000000014680
99.999999999941593
71.209112962819006
100.000000000049326
51.882986588070743
100.000000000008939
61.631418710000744
100.000000000009166
5.203174753938086
35.349355798098266
39.224987320718064
60.603011437696665
100.000000000002345
92.108368280503967
20.571897646216208
99.999999999953999
73.923589019467599
90.945885312439017
26.588263106132832
55.716338001549659
100.000000000081172
99.999999999953616
99.999999999976865
98.195179671966102
8.328540703892568
64.509763419304690
73.809011050112588
27.437967102685096
78.143663430040320
25.101169891017665
48.896224689634458
100.000000000011440
100.000000000055948
84.935259997447815
81.127537936471271
99.999999999998934
99.999999999981583
14.899253965897049
91.135536751847440
30.734331706703234
77.199377658891464
49.870370179975012
99.999999999957197
18.101300425775790
2.283340292328121
29.429756794873096
1.720632408954199
100.000000000031292
42.153543035205445
73.865547183154888
44.704591459074372
57.281452394372778
7.910727889369318
14.260244041024015
85.946305229224976
77.528725433002606
3.257620159055040
42.590810563497321
100.000000000019696
21.531827962996488
100.000000000037730
98.630709546550762
44.100032300706488
38.652500358700010
