1000 1
-993392 691493 23321
214701 555242 60170
-756044 -640496 23310
978331 558837 68869
453097 768985 44571
46805 -228401 85986
-6058 -418009 60449
-720083 -589940 4754
-362003 -315716 95208
640214 916027 15664
576541 686618 26714
-418447 963925 28337
-214520 967148 32017
30061 560426 11343
-764989 -472991 4545
959547 416053 93749
-681020 -351823 22801
-196378 -327274 29600
-173724 -290779 85451
796055 82264 96807
-225760 49831 3004
869892 60242 44347
-267637 -888253 21389
-181429 299414 65764
-456980 -20317 65984
-936702 905175 79856
142891 499403 84867
-386350 -646547 96289
802442 179721 57512
338698 474583 40671
-389885 -533423 92943
-731710 -172514 46105
-11624 -311934 18739
-253345 -132280 57544
657551 549574 90061
837493 52357 34644
479130 -458306 29108
60187 841879 82848
-472660 400515 78908
-50117 -110557 29259
652750 965601 95197
599384 -839839 82783
-283321 -752370 10282
-606614 -126992 63275
303489 940243 95693
-455603 -607968 47305
-52613 -455527 63674
-562919 -885275 38958
-36450 -951280 95672
991796 -601128 88150
921212 733650 99955
-983661 517320 25003
-433190 -935364 62727
184700 845518 31014
-905201 132918 99074
-990078 -294803 99860
-296400 -197779 29796
467710 292867 11237
-188348 -633619 92223
624238 -768818 45058
-302618 178202 18876
966320 130801 97918
304740 -299998 6472
-27477 363012 4800
801609 571593 49809
382142 740907 73617
48736 -562395 85935
576150 226657 70688
-454511 -395701 35284
962229 -844135 37869
398151 912533 25592
-239144 807883 68413
969967 -998005 3322
41840 562128 94548
-979952 -113619 246
354825 -375275 19103
729440 -142756 69456
296716 427328 78361
-726377 -706058 37861
-187710 -331206 3722
-948692 -571954 7513
34609 132123 73649
-646471 885601 94001
70630 -475341 37647
-732548 787473 76357
-877495 -994874 56559
-959934 678947 76572
86738 -369721 9629
-960319 118785 51894
900514 -661282 21127
723547 489038 45854
-64358 107353 20545
540758 -290711 3462
87531 -405204 40459
-489892 104074 65817
-24961 121053 52548
-59187 180049 91178
318335 -400272 84393
-191649 -576778 93013
743587 100743 3026
680677 -73043 67815
-415925 -817861 87122
913351 -333034 45336
-980002 -516278 79352
136362 563204 42237
295385 353493 37118
-88080 -919028 65544
194320 474742 19103
686389 -113186 94096
803663 -164373 37438
-218832 691603 35497
926060 -91394 26095
414025 414820 46896
-734507 690773 25100
-103948 105016 86939
-273306 875911 35777
115787 -894554 74301
-812428 -914423 11179
473119 368635 10048
316572 -44144 86020
-686908 134565 35679
419308 809014 52410
488295 799874 2615
-804247 128994 46674
-393552 176738 87685
-453446 655165 36056
936860 -233751 45074
620699 -846173 64690
-244137 236955 87989
9625 -387073 44182
-147211 138247 45743
387844 460811 53382
427473 814285 12482
726147 883582 72768
811995 -104189 79829
604512 248203 46299
-784437 700090 60892
859275 -120205 3394
19189 -26317 89788
-253644 190222 69322
370078 236074 23184
42938 339419 89883
342430 60138 29051
859456 -621521 99073
-425630 -23325 30738
681590 -517713 37525
-868338 125585 31180
-917265 699646 98052
4665 -534475 29110
-740400 -578190 47596
436510 883673 51804
-409890 701666 38235
114581 -735648 4410
189986 329320 9671
645064 139554 98905
837737 -982141 38704
228039 -157063 51299
-702232 -128209 75068
822567 928677 85169
255045 -880751 71039
-402528 350977 41415
-941410 592673 95319
433349 -96672 44302
-901849 702715 71561
405948 -762945 26166
83134 -651231 45135
-787450 -161297 25012
-566401 -72208 59975
22883 894165 41934
-902130 725864 6695
262084 -583448 30579
115055 329764 90451
-537712 -74900 32985
-843081 189302 67584
-868805 -2509 42301
-522761 173132 14772
284944 975222 71028
-315833 -624954 67911
-945717 -879515 68047
-762670 -313385 83502
-436902 -469338 18762
950476 -724413 63669
313791 -342897 68935
820298 -253499 65232
-256232 -566362 41142
44565 -147319 43013
749856 631268 53301
-995539 -199833 35906
-554320 905635 67894
-173552 -285729 12127
692869 -731012 353
-364429 258320 4727
174689 -343710 60458
-316085 -690191 58960
439479 -525420 43741
-138480 229962 56421
844205 -173065 34766
-336924 623325 30816
-992165 -64372 10594
-41128 -470247 29991
564952 563582 31870
-470807 -505169 1769
133768 752123 50569
-17908 -947870 12883
-33740 752898 58321
-633041 -7069 88079
-203258 -708424 70551
761006 -578024 58512
312545 -506475 90895
611088 472672 25573
-213434 -315263 12920
910738 -806245 68251
392139 412520 37014
572027 -59279 62326
173111 -844070 79094
267891 -329326 94137
-643067 825769 15201
-506314 260481 18903
-713468 -774279 13331
361341 793131 24638
-260740 -748500 29617
655095 196218 29016
-92841 -756825 92076
-49509 -583835 24670
611148 69063 66867
-35461 -35854 92699
801856 -29629 71537
-454895 603089 20886
541057 -134180 9288
-998795 -189861 1861
714206 -237746 35819
2994 125146 43193
625101 637115 64453
-54016 -526961 63742
792298 680532 32607
-387674 136346 1588
39799 964257 38920
-480813 269299 98592
70448 808100 71413
-794721 872720 73538
-135946 -993379 93610
135914 -509427 2241
896617 426338 80305
730436 -817163 74714
-286640 -841790 18699
251656 982135 91030
-641354 200132 23924
92293 -87287 45035
-488399 -347338 96734
-635713 18895 84686
398681 -376132 15178
-920899 -929501 56756
-714589 -616644 87120
-868 221457 87178
-360699 -860171 98715
-794273 228276 48871
-294882 231404 4930
896425 -380867 65550
-656789 912570 55934
-607627 -280033 89155
244595 47486 2924
-968759 -221374 93385
-62794 138704 64106
575623 796626 24960
-628676 907903 61177
609148 828977 98539
992241 148093 42244
-889708 787476 11333
-240569 329910 97157
-38927 42617 6158
904001 -859676 97832
-526782 346498 78357
112025 779418 78228
-442432 -125614 52005
-104706 234565 96262
233893 901860 66510
744473 820837 94336
-779474 734848 94812
19795 106266 44488
886748 997143 57716
808575 -503962 55869
85292 -221056 78383
814315 359799 13020
-236429 346278 93223
974613 698805 84126
-45278 -617268 46527
837327 445709 55276
818392 430968 29812
-544507 -870122 53676
-928206 -795500 15830
-154753 495229 69318
-256247 -282948 31267
-869003 651590 23304
628538 775125 67164
676957 -585200 4651
225309 381629 20710
152193 905415 17737
-85866 -89826 60945
-645913 553042 12379
986640 -720568 30089
910279 710682 57882
-114321 -477482 86249
-949895 877129 54926
-520754 -236438 59995
-981318 350614 66243
-841802 -851214 89568
545971 -747706 50963
-54374 -154631 66769
482621 698351 17147
865103 932833 58634
-616574 818382 8832
89440 960449 32378
958002 -52609 74747
373117 -94397 9177
149612 -799004 85348
-733220 788390 87169
-496566 -622571 91627
-103329 126809 86392
-956044 965037 40642
-454151 -483315 99473
-896844 840719 81986
-466161 42911 44409
-188849 897575 92995
943384 -322534 84800
-163873 -400149 44889
-923632 -788140 24730
849779 -231147 26964
-530424 243736 63341
-766541 -593640 18350
-552833 932562 59248
96921 313915 54018
-732681 -172902 29238
292075 649998 24147
108644 -780354 224
-541937 453477 12687
867083 93336 49455
-413727 160237 15855
116086 -195134 78557
181990 649465 11267
720868 -731738 15141
291649 178281 86305
669226 -939495 62087
386533 535504 56163
-600627 -704643 23800
-308769 895556 21586
669126 -670396 68535
-284569 -546441 24880
203476 -657118 67426
938682 -402986 51782
-836502 -2943 89759
-878377 -994039 27848
82445 -546462 32695
481534 482224 32987
-703198 735688 73740
-940935 290159 73676
861373 -31511 56383
-578471 -944789 15978
946540 -928423 76021
400505 760534 52563
397093 156858 8130
387623 517762 85400
-244217 250461 42190
-47350 -821715 77053
173714 829768 41310
563271 -388182 59769
974688 -829120 40206
-642284 90466 3772
-961171 1642 77973
-51697 970696 36088
835966 -895760 1978
-902798 -339079 6005
-411693 228462 96815
898950 -346370 35897
362843 472760 1553
721790 -684355 61574
-681050 997117 73292
494548 -123924 5210
-759424 -927341 92642
741501 220965 1802
-66917 583461 56939
59913 -77502 29796
834327 -811383 10527
-247480 978521 86014
-11778 -523471 2634
379225 -241058 30778
810331 706386 3481
389886 -721693 80329
475951 43713 67995
828224 969777 76241
263880 -76868 27805
999986 -311363 62498
-179080 -840286 11452
-578683 -64595 12734
-638471 208062 96161
-687572 -470715 23964
-879536 -247773 10693
-325568 616558 60644
844832 614061 950
759187 237962 20805
266323 439443 84187
732575 445391 59627
-982325 -694822 91725
460555 811566 29056
536107 649266 74905
196771 -532565 15349
-762302 -344646 25980
674997 -606894 46661
-728429 -999245 2629
588096 -878964 41235
-576611 -936190 86094
-834790 -897071 54062
-62373 -706869 46491
-83485 399356 23274
757910 -510514 43095
-297111 516933 71886
-675875 -655542 89236
-481228 -560452 46719
500155 -372406 69342
-84541 882173 15958
-866758 -835847 58540
927797 556872 81074
-675439 -981323 33923
-377664 -57437 91673
671710 -246843 93319
-696139 653004 12695
-489848 -203487 96773
792394 -60695 17531
-678057 -962206 70037
271632 -594451 85788
83349 -736201 33526
577456 -641586 14560
831476 -455066 92402
-887002 -180037 36413
386696 -112834 60546
457915 -589668 79289
-13820 -681581 16277
-431597 789112 89563
-487523 541977 27739
-722865 89171 19085
897791 398780 81676
619163 -164970 99931
631551 266701 50214
-831493 -491563 77371
-565803 -576106 86526
-841863 -884341 75588
120318 306272 40381
-312007 -206510 32350
-836180 -105405 83993
-370113 -510104 19143
45673 857914 30936
594720 -172672 41633
847372 945452 54381
-606598 -108921 33624
37065 -241611 48277
495556 428670 93316
434400 -827656 25487
468598 -416189 14326
721181 694749 72120
-897474 612659 46620
-137939 -894070 81551
-341499 262701 29266
778904 863522 15089
841716 -126696 48374
242411 -209281 69564
-947146 -970602 95650
-462293 878836 68525
258914 -196010 16846
556850 -434761 92263
579321 619001 80214
928582 351302 76080
-767455 382862 23613
404305 417619 29336
484135 -86911 29071
515760 -904432 58271
-886981 -472383 6234
-70839 -199755 40645
-734755 857541 52154
984425 648714 51171
-960826 405205 70731
-613067 872676 88392
-870956 352197 38578
213964 -88810 84757
-210283 235453 84701
-120883 420523 75578
677725 986495 2076
-160611 233442 54928
377753 437229 29878
-89992 417655 20398
465057 -328270 37809
-701864 -238650 63287
440249 -740458 62579
656075 663868 44274
812790 409658 10039
589073 343953 54487
-402614 -313673 62753
403598 -565552 94624
-555516 343613 82710
-662261 867934 75782
-754377 444737 95821
935746 571217 60393
873167 523697 1472
-794451 -973180 7687
-300561 557268 43690
-986879 79477 58154
396241 991860 85698
269421 908502 26249
-819311 410441 33853
57498 921819 87836
-881194 -711338 41356
-429456 416456 5612
232174 -847481 10884
37786 -265649 3862
942451 139529 4099
-337820 460284 34158
259854 2359 41912
-911007 927022 9947
-157301 931744 32108
473870 -726081 65619
612308 -405837 83585
336490 871920 41521
552846 478358 32738
856016 -30986 83651
545470 679597 82733
-266091 861925 58690
970241 -292121 38499
108830 186151 13655
798583 250801 82275
-714848 164786 45110
106576 297401 51922
180385 -653664 40777
-424566 -644689 775
936393 993942 80732
388731 518799 89851
865234 -43859 34163
-926079 176286 36243
906847 -857612 21711
-26084 521334 43102
813673 292010 21660
-981657 827021 95789
-190498 39741 26750
867769 -461954 46121
-234092 -795003 22673
-784469 366701 22465
124296 42430 32369
-149011 -713695 14415
-590335 -548231 71321
192270 671927 73199
-705125 -940070 84424
146073 -61746 97735
-418037 -641204 42816
679688 708531 60410
-86846 -188852 54439
-196371 -51476 53413
746841 240857 65989
-78990 -340288 68538
586808 682665 81828
-789096 16490 61992
-696550 -946812 47760
-340982 374512 96976
318215 -846646 15881
-92537 -706473 44410
-674662 -47248 52501
508503 146630 1469
-854512 227144 28409
-111404 755584 5094
-550182 618054 78305
172304 649917 76615
755502 611417 20100
-242356 -804848 95626
-945126 49816 54337
-618942 3120 92000
226903 -88998 7070
-913104 -485044 46553
-433972 -672066 18050
-771285 997223 83090
914705 -34169 70663
326923 -917386 58408
319177 10708 12610
-660418 -948653 90035
772454 -899895 6651
654343 -427328 18610
-666670 -746192 23776
351894 484160 77730
430527 79335 79325
-793832 476308 88198
-761978 -344679 45519
789215 -553034 71327
-649025 -89176 31773
493496 -393346 68142
628015 779777 34096
794780 247376 64410
496414 -425230 40125
-177338 93165 74537
131231 327430 80891
322822 -525021 33602
-39028 -45832 57096
446312 623215 51098
146683 792429 76415
-954486 -530634 12985
-445975 -913139 19350
-95322 209756 43263
542006 -348151 90789
-406448 630947 53425
516898 556597 1916
-994084 251277 35257
-775568 -483850 53751
-980995 -319485 12103
85164 118290 78549
771666 -161486 32182
-691953 -739960 67951
12919 226835 40245
-10055 -9910 53524
553911 754148 98706
994038 -153166 45747
510462 -616517 52594
-89422 376389 70002
668745 -140692 37238
-44559 -898890 64984
397925 874416 98456
-772849 -748790 87912
818281 670650 72478
647817 -426950 68113
-173183 -308076 6631
-997052 421736 10630
-273672 -253813 94762
-896263 -13472 70642
-105832 271896 78837
-362909 742823 3454
-947983 570190 57586
-313447 -683437 94706
-963157 733330 29626
519052 -467208 42458
-478121 -757899 12843
45915 361348 69036
-822382 -561072 35795
720254 853903 97106
192908 -110000 30016
82894 195973 45196
-856702 507307 23548
244700 -269820 7394
-182586 656708 1377
225991 316594 7792
439341 123860 52618
181250 -220115 62665
262671 -409947 80603
966796 909550 32048
-239763 530450 33294
-772497 -403918 52998
675595 459730 38099
-242866 -534890 34227
748595 890847 84886
843257 166175 57160
-192873 201559 74159
289201 594215 83179
658273 21226 82924
-263341 712447 312
483690 756414 84354
-408907 -228993 60544
-465650 670537 18396
235243 -208760 6795
-388352 713031 60261
106013 -676769 71492
-660936 -509953 40514
102281 -801890 97821
-192555 317251 62137
-162690 504330 76105
-180215 351141 3629
-228044 48989 30341
-637498 730057 72690
-424176 -833651 3352
679466 592523 82901
-863380 -122620 71685
311554 190452 16230
-126718 -703874 82024
368661 825686 13997
-766344 941721 46994
96087 316997 62546
-558935 -273022 70312
-450145 724449 78871
671742 -440641 70493
-658357 305928 91175
-452640 -67290 2129
-324293 210618 41858
-112263 683703 23948
727561 -691438 27502
-163819 -382629 75337
-610007 -375156 29267
-639599 460479 23969
-787014 -81047 96793
750912 838522 83978
-796456 983029 11118
933936 645088 49976
-820755 -648193 19522
-656523 664479 72903
-861925 -178098 85241
-489872 354814 24264
738547 -157289 3841
121484 -380022 34905
415039 2003 14625
-317076 -621138 78883
-909703 -308805 54870
105092 479864 78743
838838 -204259 8045
942616 572706 96852
527285 -984694 89932
-805106 601206 12658
984632 410885 36147
744751 -795769 63778
-906853 822629 91128
600619 88696 29209
574963 889847 72557
481188 54289 49571
-180118 -177855 41575
781632 -631242 96587
-856125 -468573 40535
-485696 324024 77946
-984507 -446439 45794
800859 -971877 48775
26012 732157 62934
-438275 496510 88683
275605 -426666 13209
182929 -542476 46314
-218007 -751524 9804
-233576 307964 29242
842351 837895 49018
975790 -352801 84408
-694824 748477 54133
434137 -327350 67805
93476 -976747 36011
-918177 832431 59332
802309 -429004 83292
-747682 126825 53609
13481 -390456 62017
-665020 -435921 39905
438710 -780538 49376
910840 -914178 38372
132942 460112 46714
524857 -877758 96284
159191 -854280 42228
334992 172833 7884
524758 953820 95454
-991384 -23092 98254
-507801 -316296 44752
-847704 512391 76606
698647 -632667 71347
885656 629686 35896
923971 -432410 80244
-176473 -991373 90491
916438 -407462 47299
-998731 -277701 37555
-530760 326440 19319
-517069 -465059 34266
-152910 -184876 52584
39396 -419189 45915
67582 239719 96799
136789 104793 59053
89448 612375 64899
-382636 247744 68560
163461 626078 71837
26416 206229 5540
-308694 562086 7592
-600320 -469017 30464
786492 -615523 97967
-907069 478358 980
-719812 673044 3680
-162466 9078 51688
791362 -613446 41754
51387 -190080 18060
16872 -954247 59362
-90671 388565 89485
728075 787662 61820
249056 995430 14808
144510 964270 67505
-832820 -705965 69703
-62228 -508874 21945
670088 558093 26835
616884 906171 82525
-388666 930384 3191
480320 789180 25153
-795912 187938 31405
-45999 360210 65283
453506 -457217 34677
-419301 -931521 71938
463986 -473568 3087
211440 573509 73219
-804448 -874892 74758
710705 -322141 5131
581322 -708876 27767
-56497 637157 22944
891708 575381 82412
-717744 -491849 58551
-483467 705172 64751
-657507 -783198 3462
592878 765307 45372
852680 409421 51905
-964015 917510 15088
500157 498974 38217
633982 -449991 44389
947603 923676 88631
242733 187496 74912
274245 151462 28227
-453230 -212281 1349
-637899 -997330 11085
836316 -249394 42704
908627 -768055 5963
-865130 404018 66575
-816547 -309669 62822
701672 580971 36387
-467522 -252804 31617
683700 328144 11828
309668 -518675 58422
-459026 856909 51264
-685122 -718503 77397
-728794 791394 81694
35491 -145021 2590
873527 562638 79709
292041 -517900 26025
-733804 -587279 17482
-303553 -106622 27748
-243930 480718 88399
204265 845458 39875
-123287 519324 67835
-966378 525565 94734
21634 -980745 14242
593207 364811 87967
-105805 77366 36712
542677 -339853 87256
209691 443194 15375
-500408 19952 51958
968554 156543 2453
129162 -254370 50228
-506006 874654 95447
-538822 550923 51327
-67819 -90389 81123
788941 -268310 34255
-85632 219249 45403
-487401 -586129 19610
648829 171645 54152
-515367 289468 76666
440039 -373062 74069
-42117 -874822 72244
-220966 920994 43703
561980 552993 42746
934073 891653 43675
-354997 524462 43392
-188195 423608 38014
-642941 -116985 5306
808145 -568564 53726
-863631 -629299 8860
144861 -458448 78248
259824 40348 49507
-965855 124043 60799
-15357 -630295 28539
-24545 -538761 5241
134730 901663 8713
-403428 40136 94158
58287 -956584 528
221639 818447 25991
-189342 -602486 2777
121070 -532537 59873
-347836 256270 44465
-997554 -509000 85882
802638 -470004 11053
586950 -199843 9138
246501 -967651 55560
-880393 -572398 9476
267553 786452 54658
518777 -282050 89315
-194874 272157 27521
-614365 -379038 31705
976226 868627 62899
560424 988607 50711
-944089 -768257 50886
-612571 364133 20391
-58197 -358076 77296
-472067 199619 58396
923371 228516 1476
-309945 561720 48417
764316 691489 44230
321879 156635 40321
204130 -661008 6451
-279694 -219652 34002
-558547 -108128 53711
626616 447703 32390
805095 303655 96154
-858019 -980848 46257
914765 38031 11465
-176300 -15053 68175
-688088 780072 79211
-688725 152404 81009
-63021 -879279 34642
671925 945677 79845
-543416 347808 73274
-519521 330196 64884
-649196 286762 31749
-343725 -481714 22257
-545325 -382800 83958
532952 663867 22369
40947 693056 9733
-548936 4195 81112
-770747 101607 16951
-808363 754270 24836
-712380 -455601 52730
647597 882464 4657
-861815 -168087 67093
-366015 -639778 12426
-604475 -155073 40720
778648 892469 41779
-935085 -130082 55278
-877900 -208942 24580
-191082 -189821 42424
-286245 -947924 53
-708715 80454 43014
-204838 104010 26464
-399593 -793375 66170
392723 643514 15487
821472 886876 24948
-160650 443688 38892
-915081 -141574 94879
609527 415505 30940
-468564 -858576 73903
-223681 -892342 62183
524512 -306567 55079
780878 527699 38662
-172851 -190917 90052
-883746 -294644 34251
-745998 603273 98665
-882818 -23904 93341
-586564 690208 5182
-150238 -973814 32862
-414568 988982 33625
583976 517868 28662
423537 -748228 86417
-391711 728816 78973
445210 -510195 17258
943995 256188 50782
704924 -873021 26891
-776757 -967 70264
77505 -977348 77181
-730040 -874787 29468
327103 -961917 19721
407829 -59221 90707
368579 683640 63705
-19329 -274917 35464
-15360 -874073 87442
627411 -497441 48752
-696152 981162 69074
-753 97769 89752
-822679 -556664 11043
-197646 -608965 30899
-72464 357712 0
-950864 -842310 55315
-219194 852060 21107
-944195 -888501 86789
-394495 686863 27392
936562 807146 41258
41435 670358 64983
-862856 -364774 99821
721222 -319960 79549
687937 1903 87954
328014 458196 20209
-262580 -779697 1626
851237 516678 34176
592318 -706462 39430
476083 -448053 5434
603949 947613 49723
-719344 -636701 1642
14063 602344 86320
-720671 529032 52426
850228 273394 54352
-572146 398 79645
362797 -690270 93694
-721445 91527 85688
-9682 -646444 11120
905744 458713 85922
853102 208530 84987
-431951 -910536 13787
-309398 258829 31400
406207 -785591 55887
-748857 -838194 99562
-887950 -336419 12181
-601428 506568 3193
-100033 -678280 86041
-342809 571626 92565
416800 593199 68459
643876 518895 93466
816821 53160 71505
477019 -568128 79658
610257 -223070 73899
434987 -652904 32450
-822778 -842262 76043
-169362 39368 59834
-104468 486950 15301
741613 569314 43295
-747127 -910013 40462
428784 -434936 75874
264373 -242435 48425
124753 493013 13473
735037 -664938 66774
-715941 830852 11045
-2000000 -2000000 4000000 4000000
