500 500
5007 0 50000
-49790 0 50000
-46183 0 50000
-25036 0 50000
-97610 0 50000
-60012 0 50000
-62043 0 50000
18475 0 50000
48650 0 50000
-16939 0 50000
-67417 0 50000
-28180 0 50000
24248 0 50000
69600 0 50000
78416 0 50000
-46927 0 50000
-15888 0 50000
36357 0 50000
-7030 0 50000
-78255 0 50000
82543 0 50000
-93669 0 50000
-48267 0 50000
34643 0 50000
-17070 0 50000
28015 0 50000
22211 0 50000
-50263 0 50000
-81896 0 50000
-88317 0 50000
57366 0 50000
65265 0 50000
4786 0 50000
86780 0 50000
45749 0 50000
18398 0 50000
-55363 0 50000
-97325 0 50000
41601 0 50000
35094 0 50000
79420 0 50000
71 0 50000
-4388 0 50000
-72599 0 50000
-97488 0 50000
88899 0 50000
-21364 0 50000
44184 0 50000
49696 0 50000
-60454 0 50000
-74629 0 50000
-48075 0 50000
55903 0 50000
-64318 0 50000
-56796 0 50000
-46262 0 50000
-69520 0 50000
-21984 0 50000
-95519 0 50000
-85954 0 50000
-3683 0 50000
69402 0 50000
7472 0 50000
-32039 0 50000
-64635 0 50000
862 0 50000
50166 0 50000
-42611 0 50000
-20506 0 50000
-76343 0 50000
61596 0 50000
-9544 0 50000
21687 0 50000
-6126 0 50000
53003 0 50000
-19018 0 50000
-87695 0 50000
98781 0 50000
61297 0 50000
-8138 0 50000
48510 0 50000
-27696 0 50000
-36886 0 50000
-65806 0 50000
98454 0 50000
-3518 0 50000
-86635 0 50000
44976 0 50000
94115 0 50000
-34836 0 50000
-51963 0 50000
69571 0 50000
81641 0 50000
89793 0 50000
-55375 0 50000
92193 0 50000
68290 0 50000
-14790 0 50000
-6737 0 50000
74940 0 50000
-65577 0 50000
-29732 0 50000
-42880 0 50000
65702 0 50000
22155 0 50000
-53182 0 50000
68353 0 50000
54023 0 50000
-35863 0 50000
91919 0 50000
-32286 0 50000
10706 0 50000
-81337 0 50000
-46621 0 50000
-40628 0 50000
-83029 0 50000
22522 0 50000
58518 0 50000
88563 0 50000
27581 0 50000
-44473 0 50000
66696 0 50000
18152 0 50000
73166 0 50000
-58904 0 50000
50365 0 50000
90729 0 50000
-98560 0 50000
24693 0 50000
69114 0 50000
-66106 0 50000
-78286 0 50000
-84411 0 50000
-13250 0 50000
82239 0 50000
-88037 0 50000
90663 0 50000
-99955 0 50000
-35199 0 50000
-38692 0 50000
89504 0 50000
-12665 0 50000
-33566 0 50000
-75677 0 50000
-99139 0 50000
63339 0 50000
-8339 0 50000
-23690 0 50000
-40834 0 50000
-89660 0 50000
-46186 0 50000
-87751 0 50000
90874 0 50000
87251 0 50000
-35438 0 50000
67880 0 50000
-54320 0 50000
87422 0 50000
1167 0 50000
-75795 0 50000
-24209 0 50000
20079 0 50000
18366 0 50000
63983 0 50000
14626 0 50000
-75688 0 50000
71476 0 50000
-94258 0 50000
-12144 0 50000
-38397 0 50000
57127 0 50000
66468 0 50000
-3054 0 50000
-75576 0 50000
-12852 0 50000
64340 0 50000
-80694 0 50000
43216 0 50000
-40259 0 50000
-68319 0 50000
99164 0 50000
63960 0 50000
-79226 0 50000
-28224 0 50000
-23838 0 50000
-83275 0 50000
-83988 0 50000
58981 0 50000
-8231 0 50000
-74850 0 50000
502 0 50000
-61619 0 50000
74172 0 50000
59431 0 50000
-43216 0 50000
86968 0 50000
-22914 0 50000
-83036 0 50000
-28753 0 50000
37012 0 50000
-33394 0 50000
-2719 0 50000
-54963 0 50000
-27403 0 50000
-9204 0 50000
-8625 0 50000
67145 0 50000
-92825 0 50000
-61001 0 50000
-22969 0 50000
-45285 0 50000
-24179 0 50000
-1831 0 50000
-30757 0 50000
53943 0 50000
4269 0 50000
96383 0 50000
-76214 0 50000
43624 0 50000
-1695 0 50000
86321 0 50000
91114 0 50000
-83805 0 50000
-66070 0 50000
-30055 0 50000
35132 0 50000
45001 0 50000
-28297 0 50000
89549 0 50000
-86723 0 50000
19439 0 50000
70803 0 50000
43833 0 50000
-54333 0 50000
-67685 0 50000
26184 0 50000
-37811 0 50000
49250 0 50000
-73314 0 50000
-41418 0 50000
42372 0 50000
71655 0 50000
-51745 0 50000
-77596 0 50000
-12998 0 50000
-62720 0 50000
96423 0 50000
13268 0 50000
1684 0 50000
-99333 0 50000
-41664 0 50000
-52818 0 50000
92943 0 50000
70081 0 50000
-70752 0 50000
-72335 0 50000
-26798 0 50000
-3580 0 50000
-79311 0 50000
-54471 0 50000
31155 0 50000
61843 0 50000
92489 0 50000
-15394 0 50000
23517 0 50000
-7944 0 50000
84418 0 50000
-71697 0 50000
90437 0 50000
93422 0 50000
94096 0 50000
78199 0 50000
6128 0 50000
51476 0 50000
96371 0 50000
-44627 0 50000
-82711 0 50000
-93276 0 50000
-74812 0 50000
-42387 0 50000
86060 0 50000
-70164 0 50000
-62337 0 50000
90284 0 50000
-72006 0 50000
74037 0 50000
32300 0 50000
-97824 0 50000
-68909 0 50000
-93975 0 50000
66907 0 50000
-84101 0 50000
95057 0 50000
-33216 0 50000
-26441 0 50000
49822 0 50000
-37966 0 50000
39299 0 50000
-34627 0 50000
-55625 0 50000
19660 0 50000
57799 0 50000
-79262 0 50000
24118 0 50000
48848 0 50000
38117 0 50000
98883 0 50000
-44489 0 50000
68677 0 50000
-41536 0 50000
70962 0 50000
32009 0 50000
96106 0 50000
58506 0 50000
57620 0 50000
-3698 0 50000
75123 0 50000
-30971 0 50000
34304 0 50000
81434 0 50000
-21192 0 50000
16771 0 50000
-55080 0 50000
-6143 0 50000
46703 0 50000
-4059 0 50000
93732 0 50000
-84500 0 50000
15846 0 50000
28355 0 50000
-97383 0 50000
-32880 0 50000
8304 0 50000
52968 0 50000
-21911 0 50000
-95697 0 50000
-90521 0 50000
2747 0 50000
38636 0 50000
-9158 0 50000
97044 0 50000
45217 0 50000
-7221 0 50000
-78822 0 50000
70251 0 50000
64211 0 50000
-8310 0 50000
87897 0 50000
-14395 0 50000
-23085 0 50000
-24687 0 50000
94021 0 50000
-81079 0 50000
67827 0 50000
-21204 0 50000
67989 0 50000
-76310 0 50000
-10095 0 50000
47629 0 50000
-3090 0 50000
85797 0 50000
58302 0 50000
33092 0 50000
-37254 0 50000
58889 0 50000
1202 0 50000
29254 0 50000
41940 0 50000
9212 0 50000
-47000 0 50000
31216 0 50000
46589 0 50000
81328 0 50000
19820 0 50000
33486 0 50000
-77194 0 50000
70205 0 50000
-6425 0 50000
58198 0 50000
-25137 0 50000
-54114 0 50000
30036 0 50000
-50415 0 50000
-42771 0 50000
-3647 0 50000
-38784 0 50000
-92374 0 50000
-35302 0 50000
51929 0 50000
3186 0 50000
-35819 0 50000
13621 0 50000
-43756 0 50000
63779 0 50000
-82490 0 50000
-50211 0 50000
33699 0 50000
-80531 0 50000
47883 0 50000
19526 0 50000
-34286 0 50000
-42492 0 50000
91007 0 50000
-94220 0 50000
-88014 0 50000
-85977 0 50000
4482 0 50000
67176 0 50000
-93065 0 50000
-48469 0 50000
66574 0 50000
-71430 0 50000
83361 0 50000
86559 0 50000
-75074 0 50000
85787 0 50000
-55020 0 50000
-78780 0 50000
-2163 0 50000
-95177 0 50000
-31115 0 50000
-98647 0 50000
-45110 0 50000
-62725 0 50000
18444 0 50000
-72724 0 50000
17345 0 50000
83242 0 50000
69455 0 50000
-28912 0 50000
-68514 0 50000
70418 0 50000
-29147 0 50000
55096 0 50000
-11720 0 50000
-91491 0 50000
-27491 0 50000
-33064 0 50000
54633 0 50000
33827 0 50000
-33089 0 50000
-47659 0 50000
-84240 0 50000
498 0 50000
55966 0 50000
40279 0 50000
-75823 0 50000
20818 0 50000
82865 0 50000
-46590 0 50000
-34116 0 50000
-35735 0 50000
99828 0 50000
-86191 0 50000
-9065 0 50000
45742 0 50000
45318 0 50000
50334 0 50000
-30809 0 50000
-81541 0 50000
-38740 0 50000
-31137 0 50000
41951 0 50000
-21816 0 50000
38124 0 50000
89123 0 50000
-54742 0 50000
-22110 0 50000
-27839 0 50000
-96669 0 50000
-70853 0 50000
-87949 0 50000
7226 0 50000
36694 0 50000
95131 0 50000
78618 0 50000
33907 0 50000
58256 0 50000
-94007 0 50000
-29120 0 50000
82445 0 50000
-78085 0 50000
-42419 0 50000
-36996 0 50000
38247 0 50000
95738 0 50000
32431 0 50000
48237 0 50000
-73926 0 50000
22616 0 50000
99443 0 50000
-59748 0 50000
-19252 0 50000
29472 0 50000
-77522 0 50000
97270 0 50000
-19024 0 50000
39469 0 50000
-59134 0 50000
77450 0 50000
-200000 -200000 400000 400000
58646 7477 33234 9367
23006 14092 17567 90744
32747 31470 35093 98760
12138 -35960 28684 24383
18134 -48877 94768 18003
30077 -6366 66598 5662
84505 39537 68324 15010
96326 -22901 41567 72051
48283 -12991 53310 96721
5678 -40506 62249 87137
93387 40145 63761 92280
4435 5655 98057 3570
83529 -47282 54954 46268
19336 3966 39960 49274
88267 38032 40152 19797
1305 48536 28847 29915
52897 42984 5254 99228
94417 19870 73836 52930
1740 29907 8336 60677
67760 -27146 28635 66579
40211 40988 75406 91218
38773 -44597 80816 41690
60287 -15957 22106 39931
66989 3343 29693 49086
39971 7701 76148 73487
9381 -17432 69837 70909
40038 31532 47528 99654
31146 -40285 99323 83199
9256 -30802 30495 14854
9589 -39437 37317 54058
16570 -10233 80609 94095
30608 -37368 34020 88660
34298 -29484 1043 46347
96139 -12519 74445 82721
79543 10189 34611 1093
8531 37844 14025 13773
97964 -4816 62333 12561
11516 -9913 36329 11218
93612 14662 86475 48731
60184 -32141 22028 68343
58719 7110 45979 30817
66257 -49928 87241 78919
7235 -43643 90905 43757
24963 16807 56950 68348
35527 3713 83433 93694
15444 -49874 67658 46348
25666 48310 54411 43712
73814 -11797 10007 34140
34465 42679 5114 26608
90564 -19518 77220 75057
2766 -26080 4023 66192
44373 42320 76926 7818
13926 -47923 94974 28829
87498 -10607 54593 46558
60429 -27714 36044 22958
41694 30839 76823 63648
11031 7573 40594 15234
9443 -26334 44020 58077
45721 11242 154 87259
83911 -29372 49200 89289
53093 -33275 71507 31543
56147 9501 94452 69039
45842 1817 12832 52809
39653 731 53964 38062
56777 -14515 43250 26681
62209 3689 40536 13930
15083 -17999 21630 61164
37143 -8870 41925 37867
55337 10618 28403 95383
86609 -42753 88695 35056
93978 24753 80563 33405
59342 -35000 92276 45476
49713 -4585 60416 27534
9172 41763 54614 50683
90052 23307 7608 90889
37987 27668 20460 68345
15574 17807 74167 42906
95655 15452 30362 56731
70708 -37430 68938 15591
86024 24252 26163 64908
86698 -1707 23251 96341
15425 -22658 46428 85768
56992 -158 14399 84309
67523 12890 90870 53188
34168 25876 89674 51504
63038 16145 1872 45445
58008 -15765 76232 54323
38858 -1653 48380 76421
57041 25362 11625 13385
14675 20760 73258 81767
26444 33497 65107 38924
5069 30770 57796 47493
97921 -30406 20077 27522
78377 -34846 95203 64877
87599 37951 13949 15342
25181 49374 78570 7563
94792 -43040 19352 68075
62940 6392 65844 18838
45756 33469 61362 55699
76987 -9123 14535 2368
22464 -46668 86402 73230
49055 -8673 42573 36734
99993 -21958 7651 24842
20964 -29671 54245 7273
56151 36223 11017 35937
62975 4331 36127 45475
66577 7891 80160 1313
75715 -11269 33523 60460
32735 -40281 82378 92047
87484 -28398 84598 54898
13259 34551 1767 36700
47206 -46428 38934 14220
62373 20159 39465 71966
24364 22503 83115 4538
38573 -46155 76396 49952
13384 -41889 53274 89928
44940 46758 5830 93896
25940 9489 60218 37805
50078 49385 75911 28818
39881 -43171 71552 78166
49416 -17569 78105 84534
3187 12723 87403 86082
31709 -18911 12525 17224
34727 46495 43862 57515
95679 -31061 40938 65875
89434 29497 25936 79557
49006 -619 48370 56293
32618 24912 84558 71866
90295 -31355 30102 96728
49353 48364 48779 21524
97864 25359 11852 37521
83179 -32558 29682 17961
627 -18893 31361 14564
55631 28518 14890 29404
63002 23610 13609 54561
88426 -49926 63039 51622
50901 -28480 42610 34294
99721 -31743 1894 69070
51395 28664 34614 4469
37468 37221 61524 48436
61232 30483 51681 2151
17242 32803 9714 78274
58472 -21748 18940 87673
49039 19544 83806 91363
33338 30986 58399 85245
75722 -7069 43537 24077
2983 -46314 62031 10488
39386 -32493 58308 44285
19441 48097 31366 4150
19252 -3175 96776 98578
64048 41155 20838 29542
82724 31248 53331 9960
18810 -9887 48101 64858
27900 -9209 32690 54824
21396 -1891 189 53172
7625 -33223 56676 57218
41416 -41859 63023 878
97447 -8861 64887 44272
83583 38905 95799 82781
65894 -7880 6180 24053
74723 17539 19444 60733
40894 -29762 78270 77807
39666 42494 27991 76782
58093 19438 85744 83504
61953 17064 35553 87437
91147 16038 85705 38607
83257 -38252 15008 56588
67080 17666 15602 81930
46974 -10297 38475 14041
9065 -42279 56974 9355
57736 -48131 13920 3459
42287 25735 71772 80110
59095 46404 43041 17928
11909 -40719 12612 64601
38978 -3234 95467 46209
76953 -29490 22305 94014
46137 -36274 85717 38759
82041 -28084 94908 68712
33842 49347 39207 82515
82236 -21518 99317 50986
49076 41002 66867 59803
37064 -18331 80454 65696
39057 -26685 546 75338
93538 -13048 4239 64184
47265 16778 41771 26193
46654 39090 71045 68391
10624 38165 44642 83876
14079 31027 78287 15948
38485 -7557 91796 53189
98080 14465 75845 31481
48978 -4526 37476 78973
87952 11429 62126 26137
33169 13557 59785 43018
86612 2816 39392 46901
60619 -2313 13447 18855
79013 -5429 28973 11033
65777 -24748 57069 38162
78314 -23630 38074 87121
41051 42021 62319 73042
79798 -11205 25751 49655
44941 49898 85007 20895
68327 -45424 98994 12937
36029 6072 79033 53368
59143 -47597 32050 5257
69620 3741 48357 90158
40935 28981 76221 36902
82146 45306 21890 77978
66833 -17911 82909 73462
1128 -12577 25737 34852
55989 47961 80156 54242
11799 38834 66351 81400
42002 23764 20466 37249
58167 -43499 68164 64308
25460 33455 20375 73438
31051 -12461 60134 83006
92922 -38708 11253 283
57204 112 96159 43450
87845 -1783 89951 79054
50276 -41016 69384 23426
49734 17213 67396 12833
36109 2595 33841 88638
3466 16604 79150 48588
84501 -45967 2442 72685
37246 -9538 79552 10983
76466 -1540 44083 18705
59173 10233 32308 76437
21916 14206 48976 83106
93330 1056 82540 80773
59091 23194 96127 4739
57950 -11753 13592 33141
39581 45246 85230 21653
36181 3352 94059 66378
48541 7209 34071 40839
82299 -17998 62901 15302
68774 -2946 21275 57453
9237 -8152 34360 11498
46263 -35210 68800 9487
42459 -627 63153 35630
58096 -26236 44822 69175
11762 25235 72534 98409
66715 -6214 56444 28282
12408 40722 74937 98460
83718 11953 9400 54474
40756 16373 45182 20124
42725 -721 22240 85244
28830 8140 77253 72200
55861 3139 4635 67182
22266 -37552 73310 95835
22247 27239 74509 67727
48554 -1295 91267 79006
50704 19 69838 61779
5585 -2546 35707 9871
62272 -35152 46342 82460
91143 30575 29361 21264
53154 -30827 94612 41454
8871 3833 24151 97667
58568 -21519 7441 87407
51267 49807 33890 17079
61041 26182 47049 24007
69802 7545 60620 22079
23078 26811 18346 40661
56015 21952 43439 5585
99511 -4291 20065 65912
73228 -16949 92922 90301
29763 1957 73750 53983
84530 -31776 33415 62141
17290 -18105 57113 97572
9818 -34051 41593 96451
99888 -17633 26770 73922
53668 -5649 7949 64097
64033 -43639 16810 36007
59785 32438 58815 61570
30717 30704 24457 35988
30487 419 77069 44633
60865 37662 99065 7968
74551 -33749 72050 96155
6276 4963 78975 53553
94180 1322 90138 5886
45272 -7184 8927 67728
82041 -36026 38427 98386
13099 6588 56178 89115
46769 -28602 46890 84679
49614 -26724 24057 77320
11455 -4948 22239 86212
68438 -7873 51859 40577
78847 -37914 50698 47127
61587 30697 10740 74953
13935 8938 38596 5343
62235 -44712 78514 70705
87150 -8106 1563 2521
65128 -24371 9034 48447
18648 -12480 15011 63255
81253 47048 20339 89614
22396 -35836 6556 94675
49331 -36088 17068 65375
30609 9656 91148 69341
34796 -40070 40882 51177
17524 -46881 80575 26748
20672 14404 43867 35421
84737 7695 73393 371
73271 13073 17052 12861
38205 24810 44390 17672
72558 20156 48090 72648
54830 -49196 74355 71914
42943 -30103 91779 15414
75526 -700 44920 50968
34178 -42181 89543 80087
31628 13080 49023 7561
31769 37910 98174 32868
356 31657 22276 18657
75833 -640 22723 94018
70074 -3967 14318 93770
36217 -44150 80331 44404
5255 -15138 86224 13508
22416 -23135 27551 95952
1671 14409 18627 9715
69841 3493 27547 97000
62999 10758 15030 3393
19518 32825 20610 56301
70512 -18435 35770 95961
51788 7050 77904 81379
60157 4874 612 5523
45335 -33832 64989 66181
51968 41169 8953 71285
76417 -27209 16391 22698
46165 16368 87931 61342
77444 -28911 36753 53033
565 -7492 47965 56771
83748 -33472 27957 74411
81180 39842 5790 25743
95910 -15727 31331 30740
78976 26640 59838 98053
39914 -32652 74786 55828
6152 11055 30698 40229
6147 45679 38759 21527
16319 -38639 61571 74677
47381 18399 29999 83003
35879 -5678 6226 91284
67897 47425 16517 38083
53456 -3768 88568 17129
88591 43811 44325 51413
71409 -36390 59805 41290
53008 38268 61033 59125
78201 8884 89826 35594
37358 36982 22527 61877
51200 -32156 49616 52150
70715 -5804 44240 18719
41286 24675 67070 19194
96535 14321 54361 63981
66587 -27336 6853 83458
82332 -3431 39272 78969
60276 -23215 35787 35142
14217 -45909 42161 73585
95664 11249 87803 85310
70239 23845 80146 31487
50430 -9583 94642 4463
14958 45087 38661 78123
86303 -19482 48544 63876
72137 10934 38113 63584
25672 -43625 73391 20032
7230 4111 89538 26581
55996 43539 9787 16197
99365 3988 53385 56322
67215 25495 41564 55948
8711 -1974 81360 61805
21486 21735 46900 74304
5243 -1787 54278 20672
44529 23655 8151 71319
9075 -7667 48052 72315
63544 34848 29917 5356
19210 -45645 61773 34867
75665 -49289 97839 86862
73914 41185 2580 48192
53342 26633 22138 46220
61807 41184 47902 68610
95771 -24315 37135 9247
12207 4992 31394 73329
97746 -8259 202 29327
85488 13869 9811 84284
16309 12685 14606 63390
38937 21598 85463 71000
63327 23985 57605 48755
11996 13872 75866 74065
48617 -23073 6156 11344
44594 25710 66090 67906
16973 15517 37218 18859
92751 21047 36584 35398
48893 -45410 1311 17752
34583 -5938 23251 43407
71125 11114 68250 5850
34404 -13963 70499 59257
79055 12062 83805 5704
81179 28427 56805 89173
85007 -42990 42796 29457
37894 -40113 18383 31053
27556 33045 9473 44388
23015 -48008 10414 95924
73990 -21128 27896 17084
41226 -29767 17272 46294
23928 12484 30707 39937
53667 23701 88291 16451
48692 -34652 25763 70502
83051 10025 52714 45563
61125 40519 33700 69143
96271 29115 38606 46496
4178 9307 5526 57627
69631 -44695 40130 63004
21370 -33912 37860 31434
30871 -14136 97976 26950
87822 33028 5923 73407
68075 17297 65964 82146
71974 3245 79875 39429
37165 -19885 25407 10008
25400 24053 29101 53123
2990 14306 19546 21726
62904 -42771 11364 29944
22356 17718 28036 59706
97748 -23464 46420 17868
17865 -27411 7411 7339
94449 -21194 7591 98337
91671 -14902 89101 34512
8200 -23712 78724 4430
73994 -37245 5465 70340
56399 22955 19195 36775
11452 -22280 79108 10536
37858 21201 88740 15763
53423 2088 92686 2533
70119 -10106 11425 77590
81232 15600 29374 95035
77551 32859 45709 30256
60308 33259 59841 19311
43069 -48287 41615 81099
49413 -45636 6610 19589
14519 -32408 33341 37450
55873 39475 99293 66439
65104 -6986 54408 26443
12610 -44946 90489 6235
83699 -14759 90360 40875
5590 38323 97113 7960
71860 6712 43694 82852
46594 -17663 48003 56122
74756 16056 69016 47288
66546 -28863 41757 63188
64679 42470 80161 95720
88927 30573 36200 50560
92809 16844 17285 83992
18372 4530 79606 75028
22505 -48714 42596 80440
55386 8425 39572 45136
63863 42351 64406 31157
82330 -38138 32946 49195
74972 -40477 94895 66866
73127 23894 75295 6946
49798 31365 82260 64605
82716 -3492 3284 96006
78133 33467 48537 7742
80417 -39493 46810 41251
65487 -25445 51958 31306
81625 -48844 47785 76028
72040 43613 15191 76669
11856 3325 5562 72350
79423 -27504 89855 64827
72484 13399 91945 91266
6959 -18765 46005 87997
74665 28881 47096 81066
68231 16480 79235 57140
14965 -27329 91553 71513
51792 24160 63233 12572
18967 14719 35906 41538
33649 -25681 90730 92589
49898 -17684 31228 19072
82451 -25015 316 48301
66286 37385 19315 84660
23484 -23816 10444 80995
98534 14055 53613 79904
41349 -4795 95 70978
84556 10283 39853 77050
21086 -41130 84049 23360
67606 41991 21610 44239
84898 48196 94553 19914
28028 24214 91450 86654
26738 48607 75740 80868
74012 648 21580 31013
53235 27472 95340 42602
79971 6174 66826 50827
95954 29843 12308 44724
19434 18629 58358 54765
15760 48789 56925 15300
9498 36511 41119 94585
56542 -33108 57924 96484
45946 -21145 20755 91765
62983 44953 92503 86401
84029 17585 8333 76107
74239 -37137 4284 22581
85658 44405 35511 21623
20604 -46976 21330 1379
35338 5211 89739 44750
27113 19315 33887 69579
60235 22615 41241 70846
69328 4758 82929 98342
