500 500
1 2 3 0
1 3 5 0
1 4 3 1
2 5 9 1
1 6 6 0
1 7 5 1
1 8 5 1
4 9 3 0
7 10 2 1
10 11 8 0
7 12 7 1
12 13 7 1
7 14 4 1
5 15 4 1
8 16 7 1
14 17 9 1
3 18 4 1
18 19 4 1
16 20 6 1
18 21 9 1
3 22 5 0
8 23 7 0
23 24 9 0
15 25 5 0
9 26 3 1
25 27 3 1
14 28 5 1
17 29 6 0
5 30 8 0
29 31 7 1
29 32 4 1
20 33 5 1
11 34 6 1
34 35 8 0
5 36 5 0
13 37 7 0
16 38 6 1
3 39 4 1
3 40 4 1
1 41 3 1
12 42 5 0
41 43 4 0
17 44 4 0
21 45 6 0
23 46 5 0
2 47 7 0
21 48 4 0
32 49 4 0
9 50 6 0
44 51 3 1
12 52 6 0
47 53 8 1
2 54 3 0
33 55 4 0
53 56 4 1
36 57 8 0
28 58 7 0
15 59 3 1
58 60 2 0
5 61 5 0
30 62 8 0
50 63 4 0
2 64 6 1
30 65 7 1
59 66 7 0
44 67 3 0
34 68 7 1
43 69 4 0
9 70 7 1
37 71 4 0
55 72 5 0
27 73 3 1
34 74 8 0
50 75 7 0
56 76 10 1
12 77 4 1
9 78 7 0
13 79 4 0
40 80 3 0
6 81 10 0
51 82 8 0
20 83 6 1
2 84 8 0
13 85 6 0
11 86 6 1
6 87 7 1
64 88 9 1
8 89 4 0
51 90 8 0
7 91 5 0
13 92 3 1
38 93 8 1
74 94 8 0
30 95 3 1
95 96 6 0
56 97 5 0
30 98 4 0
77 99 11 1
31 100 2 1
4 101 4 0
36 102 4 0
46 103 3 1
103 104 12 1
12 105 8 1
44 106 6 1
69 107 3 0
79 108 11 0
31 109 9 1
32 110 10 0
24 111 7 0
5 112 6 0
49 113 7 0
34 114 6 0
59 115 6 0
39 116 3 0
107 117 7 0
84 118 6 1
116 119 4 1
114 120 5 0
61 121 8 0
62 122 9 1
19 123 8 0
2 124 7 1
47 125 5 0
72 126 5 1
92 127 6 0
54 128 9 0
105 129 6 1
110 130 3 1
39 131 4 1
88 132 7 0
49 133 7 1
39 134 5 1
59 135 9 1
68 136 3 1
135 137 6 1
91 138 8 1
79 139 7 0
35 140 9 0
60 141 8 0
121 142 4 1
92 143 11 0
123 144 5 0
104 145 5 0
134 146 5 0
7 147 7 1
60 148 5 0
94 149 4 1
84 150 7 0
127 151 5 0
29 152 6 1
117 153 9 0
126 154 6 0
105 155 5 1
132 156 8 0
57 157 6 0
88 158 6 0
71 159 6 1
145 160 6 1
77 161 5 1
30 162 3 0
123 163 5 0
64 164 3 0
156 165 5 1
23 166 5 0
157 167 9 0
83 168 2 0
18 169 3 0
120 170 6 1
11 171 5 1
67 172 2 0
40 173 9 1
97 174 5 0
36 175 10 0
148 176 5 1
158 177 5 0
69 178 7 0
164 179 5 1
165 180 5 0
21 181 9 1
62 182 6 0
129 183 6 0
92 184 7 0
129 185 10 0
184 186 3 1
11 187 9 0
55 188 6 1
112 189 6 0
181 190 6 0
80 191 6 0
125 192 5 0
78 193 2 0
88 194 8 1
21 195 7 0
8 196 8 1
1 197 6 0
195 198 5 1
129 199 9 0
35 200 7 0
77 201 5 0
85 202 7 0
12 203 10 0
82 204 6 1
26 205 6 0
92 206 8 0
86 207 5 0
30 208 7 0
152 209 4 1
23 210 6 0
186 211 7 1
36 212 7 1
71 213 10 0
50 214 5 1
132 215 7 1
85 216 3 1
18 217 9 1
191 218 3 0
197 219 8 0
19 220 7 0
58 221 5 1
220 222 12 1
159 223 8 1
35 224 4 0
38 225 7 1
10 226 5 0
171 227 7 1
51 228 7 0
71 229 4 0
172 230 5 0
166 231 12 0
16 232 4 0
70 233 6 1
129 234 6 0
73 235 7 0
186 236 8 0
90 237 7 1
11 238 7 1
106 239 4 0
32 240 8 1
218 241 9 1
149 242 7 0
211 243 4 1
199 244 6 0
6 245 8 1
187 246 5 1
166 247 5 1
223 248 3 0
146 249 3 1
3 250 8 0
206 251 6 0
27 252 2 1
121 253 6 0
73 254 3 0
186 255 7 0
141 256 6 0
187 257 4 0
150 258 7 0
171 259 8 0
169 260 9 0
229 261 6 0
239 262 3 0
80 263 5 0
138 264 8 1
101 265 7 0
193 266 4 0
67 267 4 1
197 268 5 1
203 269 8 1
33 270 5 0
169 271 8 1
103 272 6 0
201 273 9 1
154 274 4 0
147 275 5 0
62 276 5 0
1 277 8 1
228 278 6 0
138 279 6 1
67 280 5 0
146 281 5 0
27 282 6 0
189 283 6 1
122 284 4 0
170 285 7 1
141 286 6 1
82 287 10 1
126 288 9 0
178 289 3 1
102 290 6 0
66 291 8 1
97 292 6 0
127 293 6 0
14 294 7 0
292 295 8 1
198 296 5 0
250 297 5 0
109 298 7 0
236 299 8 1
157 300 3 0
161 301 11 0
226 302 7 0
226 303 6 0
180 304 4 1
13 305 6 0
123 306 3 1
178 307 8 1
166 308 8 0
194 309 2 0
190 310 6 1
127 311 1 1
100 312 3 0
71 313 4 1
159 314 2 1
35 315 5 0
122 316 7 0
104 317 7 0
222 318 3 1
200 319 7 0
12 320 4 0
191 321 4 0
53 322 7 1
187 323 3 0
27 324 6 1
276 325 5 1
229 326 10 1
44 327 3 0
196 328 4 1
150 329 4 1
301 330 5 1
41 331 3 1
317 332 10 0
96 333 11 1
134 334 9 0
34 335 7 1
285 336 4 0
18 337 14 0
114 338 6 1
238 339 6 1
213 340 5 1
17 341 7 1
121 342 6 0
241 343 4 0
329 344 6 1
227 345 5 1
77 346 9 1
166 347 9 1
308 348 9 0
323 349 7 1
34 350 7 0
280 351 3 0
150 352 11 1
107 353 8 1
133 354 2 0
117 355 6 1
335 356 7 1
76 357 4 0
180 358 6 1
297 359 4 1
65 360 6 0
49 361 3 1
311 362 9 1
148 363 6 0
182 364 6 0
38 365 7 1
65 366 4 0
299 367 7 0
329 368 3 0
117 369 6 1
179 370 6 0
349 371 11 0
199 372 3 1
179 373 8 1
139 374 6 0
132 375 7 0
258 376 6 0
78 377 5 0
358 378 7 1
246 379 10 1
127 380 5 0
223 381 4 0
166 382 9 0
357 383 4 1
310 384 5 1
196 385 6 1
262 386 11 0
166 387 7 1
198 388 4 1
69 389 6 0
245 390 9 1
212 391 7 1
54 392 4 1
228 393 8 1
227 394 8 0
320 395 5 0
359 396 5 0
42 397 11 0
158 398 13 0
268 399 5 0
307 400 1 1
6 401 6 1
394 402 8 0
314 403 7 0
208 404 9 1
266 405 3 1
66 406 6 1
302 407 7 0
332 408 4 1
358 409 5 0
378 410 5 0
128 411 9 1
296 412 7 1
351 413 5 1
107 414 5 1
116 415 12 1
334 416 2 0
101 417 9 1
341 418 3 1
134 419 8 0
160 420 5 1
188 421 8 1
39 422 7 0
323 423 5 0
273 424 7 1
177 425 4 0
307 426 10 1
59 427 8 0
310 428 5 1
213 429 4 0
333 430 4 1
336 431 3 1
232 432 11 0
370 433 7 0
199 434 5 1
151 435 6 0
179 436 7 0
136 437 8 0
312 438 6 1
111 439 5 0
254 440 3 1
290 441 8 0
68 442 4 1
93 443 5 1
246 444 3 1
362 445 3 1
406 446 7 1
196 447 4 0
285 448 6 0
57 449 5 0
151 450 7 1
78 451 3 0
137 452 13 1
247 453 6 1
89 454 4 1
167 455 4 0
96 456 4 0
381 457 8 1
115 458 6 1
126 459 5 0
115 460 5 0
33 461 7 0
297 462 10 0
334 463 8 0
184 464 4 1
213 465 3 0
8 466 7 1
440 467 5 1
407 468 9 0
395 469 5 1
323 470 4 1
440 471 11 0
432 472 6 0
109 473 5 0
104 474 5 0
98 475 4 1
171 476 2 1
286 477 3 1
63 478 3 0
176 479 8 0
205 480 5 1
102 481 9 0
481 482 5 1
369 483 5 1
121 484 5 0
386 485 10 1
258 486 3 1
284 487 4 1
172 488 6 0
273 489 4 1
489 490 2 1
277 491 3 0
451 492 8 1
107 493 7 1
128 494 8 1
109 495 9 1
79 496 8 1
282 497 6 0
402 498 11 1
132 499 7 1
47 500 4 1
