3000
1 2
1 3
1 4
1 5
1 6
2 7
7 8
2 9
7 10
1 11
10 12
9 13
4 14
14 15
7 16
7 17
17 18
10 19
16 20
20 21
20 22
15 23
15 24
23 25
21 26
24 27
26 28
19 29
28 30
24 31
31 32
26 33
28 34
30 35
34 36
36 37
31 38
38 39
30 40
34 41
40 42
40 43
37 44
39 45
42 46
40 47
38 48
40 49
45 50
50 51
44 52
49 53
46 54
46 55
50 56
50 57
54 58
55 59
54 60
54 61
58 62
57 63
60 64
62 65
56 66
64 67
58 68
61 69
61 70
63 71
65 72
69 73
67 74
74 75
69 76
71 77
72 78
72 79
71 80
75 81
77 82
76 83
76 84
78 85
80 86
86 87
87 88
84 89
80 90
85 91
83 92
87 93
87 94
86 95
86 96
90 97
93 98
95 99
93 100
92 101
97 102
94 103
99 104
96 105
96 106
103 107
103 108
104 109
109 110
107 111
109 112
111 113
108 114
109 115
106 116
108 117
113 118
115 119
116 120
119 121
117 122
118 123
118 124
120 125
118 126
118 127
122 128
126 129
128 130
122 131
128 132
131 133
128 134
128 135
129 136
132 137
132 138
133 139
138 140
136 141
138 142
141 143
139 144
137 145
145 146
144 147
145 148
147 149
143 150
141 151
147 152
148 153
146 154
150 155
148 156
153 157
156 158
152 159
157 160
151 161
153 162
156 163
163 164
164 165
156 166
166 167
160 168
165 169
160 170
166 171
163 172
166 173
164 174
170 175
175 176
176 177
169 178
175 179
173 180
171 181
175 182
180 183
178 184
184 185
185 186
186 187
185 188
181 189
187 190
181 191
190 192
192 193
191 194
186 195
195 196
187 197
190 198
190 199
194 200
191 201
198 202
201 203
196 204
200 205
198 206
204 207
207 208
203 209
204 210
208 211
204 212
203 213
204 214
207 215
213 216
211 217
213 218
209 219
212 220
217 221
213 222
222 223
219 224
217 225
218 226
219 227
227 228
224 229
226 230
221 231
224 232
224 233
231 234
233 235
226 236
230 237
234 238
237 239
237 240
237 241
239 242
236 243
242 244
242 245
237 246
238 247
244 248
239 249
249 250
247 251
246 252
244 253
249 254
252 255
251 256
255 257
251 258
252 259
258 260
258 261
254 262
258 263
263 264
257 265
263 266
262 267
263 268
259 269
262 270
263 271
268 272
270 273
268 274
273 275
270 276
268 277
275 278
273 279
276 280
276 281
273 282
275 283
276 284
282 285
279 286
278 287
279 288
281 289
286 290
288 291
284 292
283 293
292 294
286 295
289 296
289 297
290 298
293 299
299 300
298 301
296 302
302 303
300 304
304 305
302 306
300 307
303 308
305 309
302 310
304 311
310 312
308 313
308 314
308 315
312 316
314 317
314 318
314 319
314 320
319 321
315 322
317 323
318 324
315 325
322 326
321 327
323 328
327 329
324 330
324 331
324 332
329 333
327 334
328 335
329 336
332 337
331 338
338 339
331 340
334 341
337 342
334 343
334 344
343 345
339 346
346 347
339 348
347 349
343 350
348 351
348 352
350 353
349 354
345 355
351 356
348 357
350 358
356 359
355 360
357 361
352 362
354 363
360 364
360 365
357 366
365 367
358 368
359 369
362 370
362 371
362 372
372 373
366 374
369 375
371 376
371 377
370 378
378 379
371 380
372 381
376 382
382 383
376 384
375 385
381 386
385 387
380 388
386 389
387 390
390 391
384 392
384 393
386 394
390 395
387 396
392 397
395 398
392 399
394 400
400 401
393 402
401 403
397 404
397 405
396 406
397 407
400 408
408 409
401 410
410 411
407 412
404 413
410 414
413 415
409 416
411 417
416 418
417 419
412 420
413 421
417 422
419 423
414 424
415 425
421 426
424 427
421 428
423 429
428 430
429 431
424 432
427 433
426 434
432 435
435 436
433 437
433 438
434 439
430 440
437 441
433 442
437 443
437 444
437 445
444 446
444 447
442 448
443 449
445 450
441 451
450 452
446 453
445 454
445 455
449 456
447 457
452 458
450 459
456 460
456 461
461 462
454 463
463 464
460 465
464 466
458 467
459 468
467 469
465 470
470 471
462 472
471 473
467 474
473 475
471 476
470 477
470 478
470 479
476 480
473 481
478 482
479 483
476 484
475 485
479 486
485 487
478 488
483 489
486 490
483 491
484 492
485 493
485 494
489 495
493 496
493 497
491 498
492 499
490 500
498 501
494 502
493 503
495 504
503 505
502 506
503 507
500 508
506 509
500 510
502 511
505 512
512 513
510 514
509 515
507 516
508 517
517 518
512 519
518 520
514 521
513 522
513 523
520 524
517 525
520 526
524 527
525 528
519 529
520 530
521 531
528 532
527 533
532 534
526 535
534 536
527 537
529 538
538 539
537 540
532 541
540 542
540 543
536 544
536 545
538 546
544 547
547 548
539 549
548 550
542 551
544 552
549 553
547 554
549 555
548 556
552 557
548 558
551 559
558 560
556 561
554 562
560 563
556 564
561 565
560 566
564 567
558 568
561 569
566 570
566 571
569 572
567 573
564 574
571 575
571 576
568 577
568 578
574 579
576 580
576 581
575 582
577 583
582 584
577 585
585 586
584 587
583 588
584 589
584 590
590 591
583 592
584 593
588 594
587 595
587 596
595 597
594 598
594 599
596 600
597 601
598 602
597 603
594 604
595 605
605 606
601 607
600 608
606 609
609 610
609 611
607 612
612 613
609 614
607 615
609 616
610 617
609 618
614 619
616 620
611 621
620 622
615 623
622 624
618 625
616 626
620 627
627 628
622 629
626 630
630 631
626 632
623 633
625 634
625 635
629 636
630 637
628 638
636 639
636 640
632 641
636 642
638 643
640 644
639 645
636 646
638 647
641 648
642 649
640 650
648 651
649 652
650 653
645 654
652 655
646 656
653 657
649 658
653 659
656 660
659 661
659 662
661 663
660 664
655 665
660 666
665 667
662 668
662 669
666 670
670 671
664 672
666 673
667 674
671 675
671 676
672 677
675 678
675 679
677 680
674 681
674 682
682 683
682 684
676 685
680 686
683 687
678 688
686 689
688 690
682 691
686 692
689 693
686 694
688 695
689 696
688 697
697 698
691 699
699 700
699 701
697 702
701 703
696 704
704 705
702 706
698 707
701 708
707 709
702 710
706 711
703 712
710 713
709 714
710 715
713 716
709 717
711 718
711 719
711 720
715 721
714 722
715 723
717 724
722 725
722 726
725 727
722 728
719 729
722 730
727 731
722 732
728 733
729 734
725 735
731 736
736 737
736 738
729 739
734 740
739 741
733 742
734 743
740 744
744 745
740 746
745 747
741 748
746 749
741 750
745 751
748 752
743 753
745 754
750 755
746 756
750 757
756 758
753 759
756 760
752 761
755 762
756 763
759 764
761 765
761 766
765 767
765 768
761 769
760 770
770 771
766 772
769 773
773 774
773 775
768 776
776 777
775 778
778 779
774 780
776 781
773 782
773 783
775 784
784 785
780 786
777 787
783 788
785 789
784 790
784 791
788 792
792 793
788 794
790 795
794 796
796 797
792 798
789 799
799 800
795 801
798 802
802 803
803 804
797 805
797 806
805 807
803 808
805 809
808 810
809 811
802 812
804 813
807 814
811 815
811 816
810 817
811 818
818 819
815 820
814 821
820 822
816 823
818 824
818 825
818 826
821 827
825 828
823 829
820 830
823 831
824 832
831 833
827 834
826 835
828 836
835 837
837 838
834 839
836 840
840 841
839 842
842 843
842 844
842 845
845 846
843 847
845 848
843 849
846 850
843 851
845 852
848 853
850 854
847 855
850 856
847 857
848 858
854 859
851 860
853 861
857 862
857 863
862 864
857 865
859 866
864 867
861 868
861 869
867 870
864 871
871 872
864 873
869 874
869 875
869 876
875 877
874 878
878 879
873 880
871 881
875 882
874 883
874 884
881 885
876 886
882 887
885 888
886 889
882 890
887 891
889 892
887 893
893 894
890 895
890 896
895 897
891 898
892 899
892 900
897 901
900 902
900 903
898 904
899 905
898 906
906 907
907 908
903 909
901 910
906 911
903 912
906 913
909 914
911 915
914 916
909 917
911 918
909 919
912 920
920 921
913 922
916 923
915 924
918 925
916 926
925 927
924 928
921 929
920 930
925 931
931 932
927 933
927 934
929 935
934 936
932 937
937 938
929 939
936 940
940 941
939 942
933 943
938 944
943 945
937 946
942 947
942 948
944 949
947 950
945 951
950 952
949 953
950 954
949 955
949 956
948 957
953 958
956 959
955 960
953 961
957 962
958 963
955 964
956 965
963 966
964 967
959 968
959 969
967 970
965 971
966 972
966 973
964 974
966 975
970 976
975 977
972 978
978 979
977 980
975 981
972 982
977 983
978 984
981 985
977 986
986 987
983 988
979 989
980 990
985 991
986 992
991 993
993 994
987 995
995 996
996 997
995 998
997 999
997 1000
997 1001
999 1002
998 1003
1003 1004
1004 1005
1005 1006
1000 1007
1003 1008
1006 1009
1000 1010
1001 1011
1009 1012
1003 1013
1005 1014
1012 1015
1011 1016
1007 1017
1009 1018
1017 1019
1015 1020
1019 1021
1012 1022
1018 1023
1023 1024
1015 1025
1023 1026
1017 1027
1025 1028
1023 1029
1021 1030
1025 1031
1028 1032
1025 1033
1033 1034
1026 1035
1028 1036
1030 1037
1028 1038
1034 1039
1036 1040
1034 1041
1039 1042
1037 1043
1041 1044
1037 1045
1038 1046
1045 1047
1041 1048
1043 1049
1045 1050
1047 1051
1048 1052
1044 1053
1053 1054
1048 1055
1051 1056
1049 1057
1050 1058
1054 1059
1059 1060
1056 1061
1060 1062
1055 1063
1054 1064
1063 1065
1064 1066
1060 1067
1062 1068
1068 1069
1063 1070
1063 1071
1070 1072
1066 1073
1073 1074
1073 1075
1066 1076
1074 1077
1077 1078
1074 1079
1073 1080
1078 1081
1076 1082
1074 1083
1076 1084
1075 1085
1083 1086
1079 1087
1078 1088
1082 1089
1083 1090
1089 1091
1085 1092
1084 1093
1086 1094
1092 1095
1086 1096
1089 1097
1090 1098
1093 1099
1092 1100
1096 1101
1100 1102
1095 1103
1097 1104
1099 1105
1104 1106
1100 1107
1106 1108
1108 1109
1109 1110
1104 1111
1104 1112
1111 1113
1107 1114
1105 1115
1106 1116
1112 1117
1110 1118
1118 1119
1116 1120
1120 1121
1118 1122
1115 1123
1116 1124
1119 1125
1117 1126
1126 1127
1121 1128
1125 1129
1120 1130
1130 1131
1125 1132
1128 1133
1133 1134
1132 1135
1131 1136
1127 1137
1132 1138
1132 1139
1131 1140
1132 1141
1133 1142
1142 1143
1135 1144
1141 1145
1145 1146
1139 1147
1142 1148
1146 1149
1143 1150
1143 1151
1142 1152
1151 1153
1152 1154
1148 1155
1152 1156
1147 1157
1157 1158
1154 1159
1154 1160
1160 1161
1152 1162
1159 1163
1156 1164
1156 1165
1157 1166
1158 1167
1158 1168
1160 1169
1163 1170
1167 1171
1164 1172
1167 1173
1166 1174
1166 1175
1171 1176
1169 1177
1170 1178
1173 1179
1175 1180
1177 1181
1174 1182
1175 1183
1179 1184
1176 1185
1179 1186
1186 1187
1183 1188
1183 1189
1188 1190
1186 1191
1186 1192
1189 1193
1190 1194
1186 1195
1191 1196
1196 1197
1197 1198
1194 1199
1192 1200
1194 1201
1193 1202
1202 1203
1196 1204
1204 1205
1204 1206
1206 1207
1207 1208
1201 1209
1207 1210
1210 1211
1203 1212
1208 1213
1205 1214
1205 1215
1207 1216
1214 1217
1211 1218
1216 1219
1214 1220
1213 1221
1221 1222
1221 1223
1216 1224
1220 1225
1223 1226
1217 1227
1225 1228
1225 1229
1224 1230
1229 1231
1226 1232
1229 1233
1225 1234
1233 1235
1228 1236
1227 1237
1228 1238
1233 1239
1237 1240
1238 1241
1233 1242
1239 1243
1240 1244
1237 1245
1243 1246
1238 1247
1240 1248
1240 1249
1245 1250
1246 1251
1251 1252
1243 1253
1249 1254
1252 1255
1252 1256
1248 1257
1256 1258
1253 1259
1257 1260
1260 1261
1255 1262
1255 1263
1260 1264
1255 1265
1257 1266
1266 1267
1262 1268
1262 1269
1265 1270
1261 1271
1269 1272
1270 1273
1264 1274
1270 1275
1273 1276
1271 1277
1274 1278
1274 1279
1279 1280
1280 1281
1278 1282
1273 1283
1277 1284
1282 1285
1278 1286
1280 1287
1284 1288
1280 1289
1286 1290
1284 1291
1291 1292
1292 1293
1289 1294
1294 1295
1288 1296
1296 1297
1297 1298
1298 1299
1297 1300
1300 1301
1296 1302
1299 1303
1297 1304
1298 1305
1300 1306
1301 1307
1300 1308
1300 1309
1304 1310
1309 1311
1306 1312
1304 1313
1307 1314
1307 1315
1307 1316
1315 1317
1312 1318
1310 1319
1314 1320
1320 1321
1319 1322
1319 1323
1320 1324
1322 1325
1325 1326
1318 1327
1319 1328
1326 1329
1328 1330
1325 1331
1330 1332
1328 1333
1325 1334
1329 1335
1327 1336
1334 1337
1328 1338
1338 1339
1331 1340
1333 1341
1340 1342
1335 1343
1340 1344
1338 1345
1345 1346
1343 1347
1342 1348
1348 1349
1348 1350
1343 1351
1345 1352
1351 1353
1347 1354
1345 1355
1353 1356
1349 1357
1350 1358
1349 1359
1350 1360
1357 1361
1358 1362
1361 1363
1356 1364
1355 1365
1359 1366
1360 1367
1365 1368
1359 1369
1366 1370
1364 1371
1371 1372
1365 1373
1364 1374
1370 1375
1372 1376
1368 1377
1372 1378
1372 1379
1376 1380
1371 1381
1376 1382
1382 1383
1374 1384
1380 1385
1385 1386
1378 1387
1385 1388
1383 1389
1387 1390
1381 1391
1390 1392
1383 1393
1385 1394
1387 1395
1386 1396
1390 1397
1397 1398
1393 1399
1394 1400
1396 1401
1393 1402
1399 1403
1399 1404
1397 1405
1402 1406
1399 1407
1403 1408
1402 1409
1401 1410
1401 1411
1410 1412
1407 1413
1405 1414
1405 1415
1413 1416
1413 1417
1413 1418
1418 1419
1414 1420
1416 1421
1419 1422
1413 1423
1420 1424
1416 1425
1421 1426
1419 1427
1424 1428
1427 1429
1424 1430
1422 1431
1428 1432
1428 1433
1424 1434
1425 1435
1428 1436
1427 1437
1429 1438
1431 1439
1435 1440
1433 1441
1440 1442
1436 1443
1434 1444
1443 1445
1441 1446
1445 1447
1442 1448
1442 1449
1448 1450
1446 1451
1447 1452
1445 1453
1451 1454
1446 1455
1451 1456
1454 1457
1451 1458
1449 1459
1451 1460
1460 1461
1455 1462
1456 1463
1463 1464
1456 1465
1456 1466
1458 1467
1467 1468
1468 1469
1469 1470
1467 1471
1467 1472
1463 1473
1473 1474
1472 1475
1473 1476
1467 1477
1470 1478
1472 1479
1477 1480
1471 1481
1480 1482
1480 1483
1483 1484
1479 1485
1479 1486
1478 1487
1480 1488
1480 1489
1489 1490
1486 1491
1483 1492
1487 1493
1489 1494
1490 1495
1495 1496
1494 1497
1493 1498
1489 1499
1498 1500
750 1501
751 1502
751 1503
752 1504
752 1505
753 1506
753 1507
754 1508
754 1509
755 1510
755 1511
756 1512
756 1513
757 1514
757 1515
758 1516
758 1517
759 1518
759 1519
760 1520
760 1521
761 1522
761 1523
762 1524
762 1525
763 1526
763 1527
764 1528
764 1529
765 1530
765 1531
766 1532
766 1533
767 1534
767 1535
768 1536
768 1537
769 1538
769 1539
770 1540
770 1541
771 1542
771 1543
772 1544
772 1545
773 1546
773 1547
774 1548
774 1549
775 1550
775 1551
776 1552
776 1553
777 1554
777 1555
778 1556
778 1557
779 1558
779 1559
780 1560
780 1561
781 1562
781 1563
782 1564
782 1565
783 1566
783 1567
784 1568
784 1569
785 1570
785 1571
786 1572
786 1573
787 1574
787 1575
788 1576
788 1577
789 1578
789 1579
790 1580
790 1581
791 1582
791 1583
792 1584
792 1585
793 1586
793 1587
794 1588
794 1589
795 1590
795 1591
796 1592
796 1593
797 1594
797 1595
798 1596
798 1597
799 1598
799 1599
800 1600
800 1601
801 1602
801 1603
802 1604
802 1605
803 1606
803 1607
804 1608
804 1609
805 1610
805 1611
806 1612
806 1613
807 1614
807 1615
808 1616
808 1617
809 1618
809 1619
810 1620
810 1621
811 1622
811 1623
812 1624
812 1625
813 1626
813 1627
814 1628
814 1629
815 1630
815 1631
816 1632
816 1633
817 1634
817 1635
818 1636
818 1637
819 1638
819 1639
820 1640
820 1641
821 1642
821 1643
822 1644
822 1645
823 1646
823 1647
824 1648
824 1649
825 1650
825 1651
826 1652
826 1653
827 1654
827 1655
828 1656
828 1657
829 1658
829 1659
830 1660
830 1661
831 1662
831 1663
832 1664
832 1665
833 1666
833 1667
834 1668
834 1669
835 1670
835 1671
836 1672
836 1673
837 1674
837 1675
838 1676
838 1677
839 1678
839 1679
840 1680
840 1681
841 1682
841 1683
842 1684
842 1685
843 1686
843 1687
844 1688
844 1689
845 1690
845 1691
846 1692
846 1693
847 1694
847 1695
848 1696
848 1697
849 1698
849 1699
850 1700
850 1701
851 1702
851 1703
852 1704
852 1705
853 1706
853 1707
854 1708
854 1709
855 1710
855 1711
856 1712
856 1713
857 1714
857 1715
858 1716
858 1717
859 1718
859 1719
860 1720
860 1721
861 1722
861 1723
862 1724
862 1725
863 1726
863 1727
864 1728
864 1729
865 1730
865 1731
866 1732
866 1733
867 1734
867 1735
868 1736
868 1737
869 1738
869 1739
870 1740
870 1741
871 1742
871 1743
872 1744
872 1745
873 1746
873 1747
874 1748
874 1749
875 1750
875 1751
876 1752
876 1753
877 1754
877 1755
878 1756
878 1757
879 1758
879 1759
880 1760
880 1761
881 1762
881 1763
882 1764
882 1765
883 1766
883 1767
884 1768
884 1769
885 1770
885 1771
886 1772
886 1773
887 1774
887 1775
888 1776
888 1777
889 1778
889 1779
890 1780
890 1781
891 1782
891 1783
892 1784
892 1785
893 1786
893 1787
894 1788
894 1789
895 1790
895 1791
896 1792
896 1793
897 1794
897 1795
898 1796
898 1797
899 1798
899 1799
900 1800
900 1801
901 1802
901 1803
902 1804
902 1805
903 1806
903 1807
904 1808
904 1809
905 1810
905 1811
906 1812
906 1813
907 1814
907 1815
908 1816
908 1817
909 1818
909 1819
910 1820
910 1821
911 1822
911 1823
912 1824
912 1825
913 1826
913 1827
914 1828
914 1829
915 1830
915 1831
916 1832
916 1833
917 1834
917 1835
918 1836
918 1837
919 1838
919 1839
920 1840
920 1841
921 1842
921 1843
922 1844
922 1845
923 1846
923 1847
924 1848
924 1849
925 1850
925 1851
926 1852
926 1853
927 1854
927 1855
928 1856
928 1857
929 1858
929 1859
930 1860
930 1861
931 1862
931 1863
932 1864
932 1865
933 1866
933 1867
934 1868
934 1869
935 1870
935 1871
936 1872
936 1873
937 1874
937 1875
938 1876
938 1877
939 1878
939 1879
940 1880
940 1881
941 1882
941 1883
942 1884
942 1885
943 1886
943 1887
944 1888
944 1889
945 1890
945 1891
946 1892
946 1893
947 1894
947 1895
948 1896
948 1897
949 1898
949 1899
950 1900
950 1901
951 1902
951 1903
952 1904
952 1905
953 1906
953 1907
954 1908
954 1909
955 1910
955 1911
956 1912
956 1913
957 1914
957 1915
958 1916
958 1917
959 1918
959 1919
960 1920
960 1921
961 1922
961 1923
962 1924
962 1925
963 1926
963 1927
964 1928
964 1929
965 1930
965 1931
966 1932
966 1933
967 1934
967 1935
968 1936
968 1937
969 1938
969 1939
970 1940
970 1941
971 1942
971 1943
972 1944
972 1945
973 1946
973 1947
974 1948
974 1949
975 1950
975 1951
976 1952
976 1953
977 1954
977 1955
978 1956
978 1957
979 1958
979 1959
980 1960
980 1961
981 1962
981 1963
982 1964
982 1965
983 1966
983 1967
984 1968
984 1969
985 1970
985 1971
986 1972
986 1973
987 1974
987 1975
988 1976
988 1977
989 1978
989 1979
990 1980
990 1981
991 1982
991 1983
992 1984
992 1985
993 1986
993 1987
994 1988
994 1989
995 1990
995 1991
996 1992
996 1993
997 1994
997 1995
998 1996
998 1997
999 1998
999 1999
1000 2000
1000 2001
1001 2002
1001 2003
1002 2004
1002 2005
1003 2006
1003 2007
1004 2008
1004 2009
1005 2010
1005 2011
1006 2012
1006 2013
1007 2014
1007 2015
1008 2016
1008 2017
1009 2018
1009 2019
1010 2020
1010 2021
1011 2022
1011 2023
1012 2024
1012 2025
1013 2026
1013 2027
1014 2028
1014 2029
1015 2030
1015 2031
1016 2032
1016 2033
1017 2034
1017 2035
1018 2036
1018 2037
1019 2038
1019 2039
1020 2040
1020 2041
1021 2042
1021 2043
1022 2044
1022 2045
1023 2046
1023 2047
1024 2048
1024 2049
1025 2050
1025 2051
1026 2052
1026 2053
1027 2054
1027 2055
1028 2056
1028 2057
1029 2058
1029 2059
1030 2060
1030 2061
1031 2062
1031 2063
1032 2064
1032 2065
1033 2066
1033 2067
1034 2068
1034 2069
1035 2070
1035 2071
1036 2072
1036 2073
1037 2074
1037 2075
1038 2076
1038 2077
1039 2078
1039 2079
1040 2080
1040 2081
1041 2082
1041 2083
1042 2084
1042 2085
1043 2086
1043 2087
1044 2088
1044 2089
1045 2090
1045 2091
1046 2092
1046 2093
1047 2094
1047 2095
1048 2096
1048 2097
1049 2098
1049 2099
1050 2100
1050 2101
1051 2102
1051 2103
1052 2104
1052 2105
1053 2106
1053 2107
1054 2108
1054 2109
1055 2110
1055 2111
1056 2112
1056 2113
1057 2114
1057 2115
1058 2116
1058 2117
1059 2118
1059 2119
1060 2120
1060 2121
1061 2122
1061 2123
1062 2124
1062 2125
1063 2126
1063 2127
1064 2128
1064 2129
1065 2130
1065 2131
1066 2132
1066 2133
1067 2134
1067 2135
1068 2136
1068 2137
1069 2138
1069 2139
1070 2140
1070 2141
1071 2142
1071 2143
1072 2144
1072 2145
1073 2146
1073 2147
1074 2148
1074 2149
1075 2150
1075 2151
1076 2152
1076 2153
1077 2154
1077 2155
1078 2156
1078 2157
1079 2158
1079 2159
1080 2160
1080 2161
1081 2162
1081 2163
1082 2164
1082 2165
1083 2166
1083 2167
1084 2168
1084 2169
1085 2170
1085 2171
1086 2172
1086 2173
1087 2174
1087 2175
1088 2176
1088 2177
1089 2178
1089 2179
1090 2180
1090 2181
1091 2182
1091 2183
1092 2184
1092 2185
1093 2186
1093 2187
1094 2188
1094 2189
1095 2190
1095 2191
1096 2192
1096 2193
1097 2194
1097 2195
1098 2196
1098 2197
1099 2198
1099 2199
1100 2200
1100 2201
1101 2202
1101 2203
1102 2204
1102 2205
1103 2206
1103 2207
1104 2208
1104 2209
1105 2210
1105 2211
1106 2212
1106 2213
1107 2214
1107 2215
1108 2216
1108 2217
1109 2218
1109 2219
1110 2220
1110 2221
1111 2222
1111 2223
1112 2224
1112 2225
1113 2226
1113 2227
1114 2228
1114 2229
1115 2230
1115 2231
1116 2232
1116 2233
1117 2234
1117 2235
1118 2236
1118 2237
1119 2238
1119 2239
1120 2240
1120 2241
1121 2242
1121 2243
1122 2244
1122 2245
1123 2246
1123 2247
1124 2248
1124 2249
1125 2250
1125 2251
1126 2252
1126 2253
1127 2254
1127 2255
1128 2256
1128 2257
1129 2258
1129 2259
1130 2260
1130 2261
1131 2262
1131 2263
1132 2264
1132 2265
1133 2266
1133 2267
1134 2268
1134 2269
1135 2270
1135 2271
1136 2272
1136 2273
1137 2274
1137 2275
1138 2276
1138 2277
1139 2278
1139 2279
1140 2280
1140 2281
1141 2282
1141 2283
1142 2284
1142 2285
1143 2286
1143 2287
1144 2288
1144 2289
1145 2290
1145 2291
1146 2292
1146 2293
1147 2294
1147 2295
1148 2296
1148 2297
1149 2298
1149 2299
1150 2300
1150 2301
1151 2302
1151 2303
1152 2304
1152 2305
1153 2306
1153 2307
1154 2308
1154 2309
1155 2310
1155 2311
1156 2312
1156 2313
1157 2314
1157 2315
1158 2316
1158 2317
1159 2318
1159 2319
1160 2320
1160 2321
1161 2322
1161 2323
1162 2324
1162 2325
1163 2326
1163 2327
1164 2328
1164 2329
1165 2330
1165 2331
1166 2332
1166 2333
1167 2334
1167 2335
1168 2336
1168 2337
1169 2338
1169 2339
1170 2340
1170 2341
1171 2342
1171 2343
1172 2344
1172 2345
1173 2346
1173 2347
1174 2348
1174 2349
1175 2350
1175 2351
1176 2352
1176 2353
1177 2354
1177 2355
1178 2356
1178 2357
1179 2358
1179 2359
1180 2360
1180 2361
1181 2362
1181 2363
1182 2364
1182 2365
1183 2366
1183 2367
1184 2368
1184 2369
1185 2370
1185 2371
1186 2372
1186 2373
1187 2374
1187 2375
1188 2376
1188 2377
1189 2378
1189 2379
1190 2380
1190 2381
1191 2382
1191 2383
1192 2384
1192 2385
1193 2386
1193 2387
1194 2388
1194 2389
1195 2390
1195 2391
1196 2392
1196 2393
1197 2394
1197 2395
1198 2396
1198 2397
1199 2398
1199 2399
1200 2400
1200 2401
1201 2402
1201 2403
1202 2404
1202 2405
1203 2406
1203 2407
1204 2408
1204 2409
1205 2410
1205 2411
1206 2412
1206 2413
1207 2414
1207 2415
1208 2416
1208 2417
1209 2418
1209 2419
1210 2420
1210 2421
1211 2422
1211 2423
1212 2424
1212 2425
1213 2426
1213 2427
1214 2428
1214 2429
1215 2430
1215 2431
1216 2432
1216 2433
1217 2434
1217 2435
1218 2436
1218 2437
1219 2438
1219 2439
1220 2440
1220 2441
1221 2442
1221 2443
1222 2444
1222 2445
1223 2446
1223 2447
1224 2448
1224 2449
1225 2450
1225 2451
1226 2452
1226 2453
1227 2454
1227 2455
1228 2456
1228 2457
1229 2458
1229 2459
1230 2460
1230 2461
1231 2462
1231 2463
1232 2464
1232 2465
1233 2466
1233 2467
1234 2468
1234 2469
1235 2470
1235 2471
1236 2472
1236 2473
1237 2474
1237 2475
1238 2476
1238 2477
1239 2478
1239 2479
1240 2480
1240 2481
1241 2482
1241 2483
1242 2484
1242 2485
1243 2486
1243 2487
1244 2488
1244 2489
1245 2490
1245 2491
1246 2492
1246 2493
1247 2494
1247 2495
1248 2496
1248 2497
1249 2498
1249 2499
1250 2500
1250 2501
1251 2502
1251 2503
1252 2504
1252 2505
1253 2506
1253 2507
1254 2508
1254 2509
1255 2510
1255 2511
1256 2512
1256 2513
1257 2514
1257 2515
1258 2516
1258 2517
1259 2518
1259 2519
1260 2520
1260 2521
1261 2522
1261 2523
1262 2524
1262 2525
1263 2526
1263 2527
1264 2528
1264 2529
1265 2530
1265 2531
1266 2532
1266 2533
1267 2534
1267 2535
1268 2536
1268 2537
1269 2538
1269 2539
1270 2540
1270 2541
1271 2542
1271 2543
1272 2544
1272 2545
1273 2546
1273 2547
1274 2548
1274 2549
1275 2550
1275 2551
1276 2552
1276 2553
1277 2554
1277 2555
1278 2556
1278 2557
1279 2558
1279 2559
1280 2560
1280 2561
1281 2562
1281 2563
1282 2564
1282 2565
1283 2566
1283 2567
1284 2568
1284 2569
1285 2570
1285 2571
1286 2572
1286 2573
1287 2574
1287 2575
1288 2576
1288 2577
1289 2578
1289 2579
1290 2580
1290 2581
1291 2582
1291 2583
1292 2584
1292 2585
1293 2586
1293 2587
1294 2588
1294 2589
1295 2590
1295 2591
1296 2592
1296 2593
1297 2594
1297 2595
1298 2596
1298 2597
1299 2598
1299 2599
1300 2600
1300 2601
1301 2602
1301 2603
1302 2604
1302 2605
1303 2606
1303 2607
1304 2608
1304 2609
1305 2610
1305 2611
1306 2612
1306 2613
1307 2614
1307 2615
1308 2616
1308 2617
1309 2618
1309 2619
1310 2620
1310 2621
1311 2622
1311 2623
1312 2624
1312 2625
1313 2626
1313 2627
1314 2628
1314 2629
1315 2630
1315 2631
1316 2632
1316 2633
1317 2634
1317 2635
1318 2636
1318 2637
1319 2638
1319 2639
1320 2640
1320 2641
1321 2642
1321 2643
1322 2644
1322 2645
1323 2646
1323 2647
1324 2648
1324 2649
1325 2650
1325 2651
1326 2652
1326 2653
1327 2654
1327 2655
1328 2656
1328 2657
1329 2658
1329 2659
1330 2660
1330 2661
1331 2662
1331 2663
1332 2664
1332 2665
1333 2666
1333 2667
1334 2668
1334 2669
1335 2670
1335 2671
1336 2672
1336 2673
1337 2674
1337 2675
1338 2676
1338 2677
1339 2678
1339 2679
1340 2680
1340 2681
1341 2682
1341 2683
1342 2684
1342 2685
1343 2686
1343 2687
1344 2688
1344 2689
1345 2690
1345 2691
1346 2692
1346 2693
1347 2694
1347 2695
1348 2696
1348 2697
1349 2698
1349 2699
1350 2700
1350 2701
1351 2702
1351 2703
1352 2704
1352 2705
1353 2706
1353 2707
1354 2708
1354 2709
1355 2710
1355 2711
1356 2712
1356 2713
1357 2714
1357 2715
1358 2716
1358 2717
1359 2718
1359 2719
1360 2720
1360 2721
1361 2722
1361 2723
1362 2724
1362 2725
1363 2726
1363 2727
1364 2728
1364 2729
1365 2730
1365 2731
1366 2732
1366 2733
1367 2734
1367 2735
1368 2736
1368 2737
1369 2738
1369 2739
1370 2740
1370 2741
1371 2742
1371 2743
1372 2744
1372 2745
1373 2746
1373 2747
1374 2748
1374 2749
1375 2750
1375 2751
1376 2752
1376 2753
1377 2754
1377 2755
1378 2756
1378 2757
1379 2758
1379 2759
1380 2760
1380 2761
1381 2762
1381 2763
1382 2764
1382 2765
1383 2766
1383 2767
1384 2768
1384 2769
1385 2770
1385 2771
1386 2772
1386 2773
1387 2774
1387 2775
1388 2776
1388 2777
1389 2778
1389 2779
1390 2780
1390 2781
1391 2782
1391 2783
1392 2784
1392 2785
1393 2786
1393 2787
1394 2788
1394 2789
1395 2790
1395 2791
1396 2792
1396 2793
1397 2794
1397 2795
1398 2796
1398 2797
1399 2798
1399 2799
1400 2800
1400 2801
1401 2802
1401 2803
1402 2804
1402 2805
1403 2806
1403 2807
1404 2808
1404 2809
1405 2810
1405 2811
1406 2812
1406 2813
1407 2814
1407 2815
1408 2816
1408 2817
1409 2818
1409 2819
1410 2820
1410 2821
1411 2822
1411 2823
1412 2824
1412 2825
1413 2826
1413 2827
1414 2828
1414 2829
1415 2830
1415 2831
1416 2832
1416 2833
1417 2834
1417 2835
1418 2836
1418 2837
1419 2838
1419 2839
1420 2840
1420 2841
1421 2842
1421 2843
1422 2844
1422 2845
1423 2846
1423 2847
1424 2848
1424 2849
1425 2850
1425 2851
1426 2852
1426 2853
1427 2854
1427 2855
1428 2856
1428 2857
1429 2858
1429 2859
1430 2860
1430 2861
1431 2862
1431 2863
1432 2864
1432 2865
1433 2866
1433 2867
1434 2868
1434 2869
1435 2870
1435 2871
1436 2872
1436 2873
1437 2874
1437 2875
1438 2876
1438 2877
1439 2878
1439 2879
1440 2880
1440 2881
1441 2882
1441 2883
1442 2884
1442 2885
1443 2886
1443 2887
1444 2888
1444 2889
1445 2890
1445 2891
1446 2892
1446 2893
1447 2894
1447 2895
1448 2896
1448 2897
1449 2898
1449 2899
1450 2900
1450 2901
1451 2902
1451 2903
1452 2904
1452 2905
1453 2906
1453 2907
1454 2908
1454 2909
1455 2910
1455 2911
1456 2912
1456 2913
1457 2914
1457 2915
1458 2916
1458 2917
1459 2918
1459 2919
1460 2920
1460 2921
1461 2922
1461 2923
1462 2924
1462 2925
1463 2926
1463 2927
1464 2928
1464 2929
1465 2930
1465 2931
1466 2932
1466 2933
1467 2934
1467 2935
1468 2936
1468 2937
1469 2938
1469 2939
1470 2940
1470 2941
1471 2942
1471 2943
1472 2944
1472 2945
1473 2946
1473 2947
1474 2948
1474 2949
1475 2950
1475 2951
1476 2952
1476 2953
1477 2954
1477 2955
1478 2956
1478 2957
1479 2958
1479 2959
1480 2960
1480 2961
1481 2962
1481 2963
1482 2964
1482 2965
1483 2966
1483 2967
1484 2968
1484 2969
1485 2970
1485 2971
1486 2972
1486 2973
1487 2974
1487 2975
1488 2976
1488 2977
1489 2978
1489 2979
1490 2980
1490 2981
1491 2982
1491 2983
1492 2984
1492 2985
1493 2986
1493 2987
1494 2988
1494 2989
1495 2990
1495 2991
1496 2992
1496 2993
1497 2994
1497 2995
1498 2996
1498 2997
1499 2998
1499 2999
1500 3000
3000
3000 1500
2999 1489
2998 1467
2997 1470
2996 1470
2995 1489
2994 1489
2993 1496
2992 1495
2991 1495
2990 1490
2989 1477
2988 1489
2987 1487
2986 1478
2985 1480
2984 1492
2983 1479
2982 1467
2981 1477
2980 1490
2979 1458
2978 1480
2977 1458
2976 1477
2975 1487
2974 1468
2973 1472
2972 1486
2971 1485
2970 1479
2969 1480
2968 1484
2967 1480
2966 1477
2965 1480
2964 1467
2963 1471
2962 1481
2961 1451
2960 1467
2959 1472
2958 1451
2957 1469
2956 1478
2955 1458
2954 1446
2953 1451
2952 1456
2951 1458
2950 1472
2949 1451
2948 1473
2947 1451
2946 1473
2945 1451
2944 1446
2943 1451
2942 1451
2941 1469
2940 1470
2939 1468
2938 1468
2937 1451
2936 1468
2935 1451
2934 1458
2933 1466
2932 1446
2931 1441
2930 1446
2929 1451
2928 1446
2927 1441
2926 1451
2925 1446
2924 1462
2923 1441
2922 1441
2921 1451
2920 1446
2919 1440
2918 1459
2917 1433
2916 1446
2915 1446
2914 1454
2913 1451
2912 1451
2911 1433
2910 1428
2909 1451
2908 1446
2907 1445
2906 1443
2905 1452
2904 1445
2903 1451
2902 1446
2901 1435
2900 1448
2899 1425
2898 1425
2897 1440
2896 1435
2895 1447
2894 1436
2893 1446
2892 1428
2891 1445
2890 1428
2889 1444
2888 1424
2887 1443
2886 1424
2885 1440
2884 1435
2883 1420
2882 1441
2881 1440
2880 1425
2879 1419
2878 1422
2877 1438
2876 1419
2875 1419
2874 1413
2873 1424
2872 1420
2871 1416
2870 1416
2869 1420
2868 1420
2867 1414
2866 1414
2865 1428
2864 1428
2863 1431
2862 1419
2861 1420
2860 1414
2859 1419
2858 1429
2857 1420
2856 1414
2855 1419
2854 1418
2853 1413
2852 1416
2851 1399
2850 1425
2849 1424
2848 1424
2847 1407
2846 1393
2845 1418
2844 1418
2843 1413
2842 1413
2841 1397
2840 1390
2839 1413
2838 1407
2837 1393
2836 1393
2835 1413
2834 1393
2833 1413
2832 1399
2831 1387
2830 1405
2829 1405
2828 1390
2827 1383
2826 1407
2825 1386
2824 1386
2823 1411
2822 1385
2821 1410
2820 1401
2819 1383
2818 1409
2817 1403
2816 1403
2815 1407
2814 1393
2813 1406
2812 1402
2811 1387
2810 1405
2809 1399
2808 1383
2807 1403
2806 1393
2805 1382
2804 1382
2803 1385
2802 1401
2801 1385
2800 1400
2799 1383
2798 1383
2797 1378
2796 1387
2795 1378
2794 1387
2793 1380
2792 1385
2791 1371
2790 1371
2789 1376
2788 1394
2787 1382
2786 1382
2785 1392
2784 1390
2783 1364
2782 1381
2781 1372
2780 1387
2779 1382
2778 1383
2777 1388
2776 1372
2775 1372
2774 1378
2773 1372
2772 1386
2771 1376
2770 1380
2769 1356
2768 1364
2767 1382
2766 1372
2765 1364
2764 1376
2763 1364
2762 1371
2761 1380
2760 1376
2759 1371
2758 1379
2757 1378
2756 1364
2755 1355
2754 1368
2753 1372
2752 1356
2751 1370
2750 1366
2749 1353
2748 1351
2747 1365
2746 1355
2745 1356
2744 1372
2743 1351
2742 1353
2741 1348
2740 1349
2739 1359
2738 1359
2737 1355
2736 1338
2735 1348
2734 1360
2733 1342
2732 1349
2731 1345
2730 1338
2729 1353
2728 1356
2727 1348
2726 1349
2725 1362
2724 1358
2723 1342
2722 1342
2721 1360
2720 1350
2719 1349
2718 1340
2717 1340
2716 1358
2715 1357
2714 1348
2713 1353
2712 1351
2711 1345
2710 1338
2709 1347
2708 1343
2707 1343
2706 1351
2705 1338
2704 1345
2703 1326
2702 1335
2701 1331
2700 1331
2699 1349
2698 1340
2697 1342
2696 1348
2695 1326
2694 1326
2693 1345
2692 1345
2691 1310
2690 1338
2689 1331
2688 1331
2687 1325
2686 1343
2685 1325
2684 1331
2683 1310
2682 1333
2681 1331
2680 1340
2679 1339
2678 1339
2677 1310
2676 1304
2675 1325
2674 1319
2673 1327
2672 1336
2671 1335
2670 1335
2669 1310
2668 1322
2667 1333
2666 1328
2665 1310
2664 1319
2663 1310
2662 1319
2661 1330
2660 1304
2659 1322
2658 1326
2657 1328
2656 1310
2655 1300
2654 1327
2653 1322
2652 1322
2651 1325
2650 1310
2649 1324
2648 1307
2647 1323
2646 1323
2645 1322
2644 1322
2643 1301
2642 1307
2641 1314
2640 1301
2639 1310
2638 1319
2637 1312
2636 1318
2635 1300
2634 1315
2633 1297
2632 1301
2631 1315
2630 1315
2629 1300
2628 1307
2627 1296
2626 1296
2625 1306
2624 1300
2623 1300
2622 1311
2621 1288
2620 1296
2619 1300
2618 1300
2617 1296
2616 1300
2615 1297
2614 1296
2613 1296
2612 1297
2611 1298
2610 1288
2609 1297
2608 1297
2607 1303
2606 1296
2605 1296
2604 1288
2603 1288
2602 1288
2601 1296
2600 1300
2599 1298
2598 1299
2597 1297
2596 1296
2595 1297
2594 1284
2593 1296
2592 1271
2591 1295
2590 1295
2589 1294
2588 1274
2587 1291
2586 1277
2585 1277
2584 1292
2583 1271
2582 1261
2581 1278
2580 1274
2579 1280
2578 1279
2577 1284
2576 1284
2575 1279
2574 1264
2573 1286
2572 1286
2571 1282
2570 1278
2569 1260
2568 1261
2567 1265
2566 1270
2565 1282
2564 1282
2563 1279
2562 1279
2561 1264
2560 1260
2559 1264
2558 1257
2557 1257
2556 1260
2555 1277
2554 1271
2553 1255
2552 1276
2551 1265
2550 1270
2549 1264
2548 1264
2547 1265
2546 1255
2545 1252
2544 1272
2543 1260
2542 1261
2541 1265
2540 1255
2539 1262
2538 1251
2537 1251
2536 1252
2535 1267
2534 1240
2533 1266
2532 1240
2531 1255
2530 1255
2529 1240
2528 1257
2527 1251
2526 1251
2525 1252
2524 1255
2523 1260
2522 1260
2521 1257
2520 1248
2519 1233
2518 1243
2517 1256
2516 1256
2515 1248
2514 1240
2513 1251
2512 1252
2511 1246
2510 1255
2509 1227
2508 1227
2507 1243
2506 1229
2505 1243
2504 1251
2503 1239
2502 1243
2501 1217
2500 1237
2499 1240
2498 1227
2497 1240
2496 1248
2495 1247
2494 1225
2493 1233
2492 1229
2491 1227
2490 1227
2489 1244
2488 1240
2487 1233
2486 1243
2485 1242
2484 1225
2483 1220
2482 1228
2481 1214
2480 1240
2479 1225
2478 1233
2477 1238
2476 1214
2475 1237
2474 1217
2473 1228
2472 1220
2471 1235
2470 1225
2469 1225
2468 1225
2467 1220
2466 1225
2465 1226
2464 1232
2463 1225
2462 1220
2461 1207
2460 1224
2459 1229
2458 1225
2457 1228
2456 1214
2455 1205
2454 1204
2453 1213
2452 1223
2451 1204
2450 1225
2449 1206
2448 1207
2447 1208
2446 1213
2445 1221
2444 1222
2443 1213
2442 1221
2441 1205
2440 1220
2439 1219
2438 1206
2437 1210
2436 1206
2435 1205
2434 1204
2433 1207
2432 1196
2431 1204
2430 1205
2429 1204
2428 1196
2427 1208
2426 1213
2425 1189
2424 1212
2423 1204
2422 1206
2421 1196
2420 1210
2419 1201
2418 1194
2417 1207
2416 1196
2415 1196
2414 1196
2413 1196
2412 1196
2411 1196
2410 1205
2409 1186
2408 1191
2407 1193
2406 1203
2405 1183
2404 1175
2403 1190
2402 1194
2401 1173
2400 1200
2399 1199
2398 1183
2397 1196
2396 1186
2395 1191
2394 1191
2393 1179
2392 1191
2391 1179
2390 1173
2389 1188
2388 1188
2387 1189
2386 1183
2385 1186
2384 1173
2383 1167
2382 1167
2381 1190
2380 1188
2379 1175
2378 1175
2377 1183
2376 1166
2375 1187
2374 1179
2373 1179
2372 1179
2371 1167
2370 1167
2369 1158
2368 1184
2367 1166
2366 1183
2365 1147
2364 1157
2363 1169
2362 1160
2361 1157
2360 1157
2359 1173
2358 1179
2357 1163
2356 1163
2355 1154
2354 1169
2353 1157
2352 1167
2351 1139
2350 1175
2349 1174
2348 1174
2347 1147
2346 1147
2345 1172
2344 1156
2343 1157
2342 1157
2341 1170
2340 1159
2339 1152
2338 1169
2337 1168
2336 1147
2335 1157
2334 1147
2333 1157
2332 1147
2331 1133
2330 1156
2329 1164
2328 1142
2327 1142
2326 1152
2325 1152
2324 1142
2323 1154
2322 1154
2321 1160
2320 1160
2319 1154
2318 1152
2317 1158
2316 1158
2315 1132
2314 1157
2313 1156
2312 1142
2311 1133
2310 1142
2309 1154
2308 1128
2307 1143
2306 1142
2305 1142
2304 1121
2303 1133
2302 1151
2301 1133
2300 1128
2299 1146
2298 1132
2297 1148
2296 1121
2295 1119
2294 1147
2293 1141
2292 1132
2291 1141
2290 1125
2289 1135
2288 1119
2287 1142
2286 1121
2285 1133
2284 1142
2283 1119
2282 1125
2281 1120
2280 1120
2279 1119
2278 1118
2277 1132
2276 1138
2275 1137
2274 1117
2273 1136
2272 1131
2271 1132
2270 1118
2269 1133
2268 1133
2267 1133
2266 1133
2265 1132
2264 1132
2263 1116
2262 1120
2261 1104
2260 1120
2259 1119
2258 1129
2257 1116
2256 1121
2255 1127
2254 1117
2253 1117
2252 1112
2251 1125
2250 1118
2249 1124
2248 1124
2247 1099
2246 1115
2245 1108
2244 1108
2243 1106
2242 1116
2241 1120
2240 1104
2239 1119
2238 1118
2237 1108
2236 1108
2235 1089
2234 1097
2233 1104
2232 1106
2231 1084
2230 1093
2229 1107
2228 1107
2227 1104
2226 1111
2225 1082
2224 1089
2223 1089
2222 1089
2221 1106
2220 1108
2219 1097
2218 1108
2217 1097
2216 1108
2215 1085
2214 1092
2213 1097
2212 1106
2211 1093
2210 1099
2209 1089
2208 1076
2207 1085
2206 1092
2205 1102
2204 1102
2203 1096
2202 1086
2201 1073
2200 1092
2199 1084
2198 1076
2197 1090
2196 1074
2195 1066
2194 1066
2193 1096
2192 1073
2191 1075
2190 1085
2189 1094
2188 1083
2187 1093
2186 1093
2185 1073
2184 1066
2183 1066
2182 1082
2181 1090
2180 1083
2179 1082
2178 1066
2177 1073
2176 1074
2175 1066
2174 1074
2173 1086
2172 1086
2171 1085
2170 1073
2169 1054
2168 1064
2167 1064
2166 1064
2165 1064
2164 1082
2163 1077
2162 1077
2161 1054
2160 1080
2159 1073
2158 1073
2157 1073
2156 1077
2155 1073
2154 1066
2153 1076
2152 1076
2151 1073
2150 1054
2149 1066
2148 1066
2147 1064
2146 1064
2145 1048
2144 1072
2143 1071
2142 1063
2141 1070
2140 1063
2139 1062
2138 1069
2137 1054
2136 1068
2135 1054
2134 1053
2133 1054
2132 1053
2131 1055
2130 1065
2129 1064
2128 1053
2127 1055
2126 1041
2125 1059
2124 1059
2123 1045
2122 1047
2121 1060
2120 1053
2119 1059
2118 1053
2117 1050
2116 1058
2115 1057
2114 1049
2113 1045
2112 1037
2111 1033
2110 1034
2109 1044
2108 1054
2107 1044
2106 1034
2105 1034
2104 1033
2103 1030
2102 1045
2101 1030
2100 1050
2099 1043
2098 1037
2097 1033
2096 1048
2095 1045
2094 1045
2093 1025
2092 1015
2091 1045
2090 1021
2089 1034
2088 1025
2087 1021
2086 1043
2085 1034
2084 1042
2083 1041
2082 1034
2081 1015
2080 1036
2079 1033
2078 1033
2077 1012
2076 1028
2075 1017
2074 1021
2073 1015
2072 1036
2071 1009
2070 1009
2069 1015
2068 1025
2067 1009
2066 1012
2065 1032
2064 1032
2063 1031
2062 1015
2061 1017
2060 1030
2059 1023
2058 1029
2057 1015
2056 1028
2055 1027
2054 1017
2053 1018
2052 1018
2051 1015
2050 1006
2049 1024
2048 1024
2047 1009
2046 1023
2045 1009
2044 1005
2043 1017
2042 1021
2041 1020
2040 1012
2039 1019
2038 997
2037 1006
2036 1005
2035 1000
2034 1017
2033 996
2032 1001
2031 1012
2030 1012
2029 1014
2028 1014
2027 995
2026 1003
2025 1006
2024 1012
2023 1001
2022 997
2021 1000
2020 995
2019 1006
2018 1004
2017 998
2016 995
2015 995
2014 995
2013 1006
2012 998
2011 998
2010 995
2009 998
2008 1004
2007 995
2006 1003
2005 999
2004 995
2003 997
2002 995
2001 995
2000 996
1999 987
1998 997
1997 977
1996 977
1995 995
1994 997
1993 977
1992 995
1991 987
1990 987
1989 981
1988 985
1987 991
1986 975
1985 975
1984 966
1983 985
1982 985
1981 977
1980 980
1979 978
1978 978
1977 983
1976 988
1975 986
1974 987
1973 966
1972 986
1971 985
1970 966
1969 972
1968 978
1967 983
1966 983
1965 982
1964 966
1963 958
1962 981
1961 977
1960 977
1959 979
1958 979
1957 972
1956 958
1955 966
1954 966
1953 976
1952 955
1951 963
1950 958
1949 964
1948 944
1947 966
1946 973
1945 972
1944 972
1943 971
1942 971
1941 955
1940 949
1939 969
1938 949
1937 968
1936 968
1935 955
1934 955
1933 949
1932 958
1931 944
1930 956
1929 955
1928 944
1927 944
1926 963
1925 962
1924 942
1923 944
1922 953
1921 955
1920 960
1919 949
1918 944
1917 953
1916 953
1915 957
1914 957
1913 938
1912 938
1911 955
1910 938
1909 947
1908 939
1907 937
1906 944
1905 952
1904 947
1903 927
1902 945
1901 939
1900 947
1899 938
1898 937
1897 948
1896 929
1895 947
1894 921
1893 931
1892 946
1891 945
1890 943
1889 944
1888 932
1887 943
1886 933
1885 929
1884 929
1883 940
1882 936
1881 936
1880 940
1879 920
1878 920
1877 925
1876 937
1875 918
1874 937
1873 934
1872 927
1871 929
1870 920
1869 911
1868 918
1867 918
1866 918
1865 932
1864 911
1863 931
1862 925
1861 930
1860 920
1859 921
1858 920
1857 924
1856 928
1855 925
1854 911
1853 903
1852 926
1851 906
1850 918
1849 924
1848 924
1847 914
1846 916
1845 906
1844 913
1843 900
1842 900
1841 912
1840 920
1839 903
1838 909
1837 918
1836 911
1835 900
1834 917
1833 903
1832 903
1831 911
1830 915
1829 903
1828 892
1827 891
1826 906
1825 892
1824 912
1823 887
1822 891
1821 890
1820 901
1819 909
1818 889
1817 906
1816 907
1815 891
1814 906
1813 898
1812 887
1811 905
1810 899
1809 898
1808 904
1807 886
1806 900
1805 889
1804 886
1803 882
1802 890
1801 892
1800 886
1799 886
1798 889
1797 891
1796 891
1795 882
1794 875
1793 882
1792 875
1791 895
1790 895
1789 887
1788 893
1787 882
1786 893
1785 876
1784 886
1783 882
1782 887
1781 875
1780 869
1779 886
1778 886
1777 871
1776 871
1775 869
1774 861
1773 861
1772 876
1771 864
1770 864
1769 861
1768 869
1767 861
1766 861
1765 853
1764 853
1763 862
1762 881
1761 864
1760 857
1759 879
1758 878
1757 869
1756 878
1755 875
1754 861
1753 869
1752 869
1751 869
1750 875
1749 848
1748 874
1747 847
1746 857
1745 862
1744 872
1743 857
1742 847
1741 867
1740 857
1739 853
1738 869
1737 848
1736 845
1735 862
1734 847
1733 850
1732 859
1731 842
1730 843
1729 862
1728 857
1727 842
1726 863
1725 847
1724 842
1723 848
1722 853
1721 842
1720 842
1719 859
1718 859
1717 839
1716 858
1715 857
1714 857
1713 850
1712 845
1711 842
1710 847
1709 845
1708 846
1707 839
1706 842
1705 845
1704 845
1703 843
1702 843
1701 846
1700 846
1699 834
1698 839
1697 842
1696 842
1695 842
1694 843
1693 839
1692 846
1691 839
1690 839
1689 842
1688 839
1687 834
1686 827
1685 834
1684 839
1683 828
1682 828
1681 825
1680 828
1679 827
1678 839
1677 826
1676 835
1675 837
1674 837
1673 818
1672 818
1671 835
1670 809
1669 814
1668 834
1667 831
1666 831
1665 832
1664 811
1663 816
1662 809
1661 830
1660 809
1659 811
1658 829
1657 811
1656 811
1655 805
1654 814
1653 826
1652 811
1651 811
1650 818
1649 824
1648 805
1647 823
1646 809
1645 809
1644 822
1643 797
1642 807
1641 815
1640 809
1639 809
1638 805
1637 811
1636 811
1635 803
1634 802
1633 805
1632 805
1631 811
1630 805
1629 797
1628 814
1627 804
1626 798
1625 802
1624 798
1623 796
1622 796
1621 802
1620 798
1619 797
1618 794
1617 798
1616 798
1615 797
1614 805
1613 797
1612 788
1611 796
1610 794
1609 798
1608 802
1607 792
1606 802
1605 792
1604 788
1603 775
1602 775
1601 784
1600 785
1599 785
1598 784
1597 783
1596 792
1595 797
1594 796
1593 796
1592 788
1591 784
1590 784
1589 773
1588 783
1587 793
1586 783
1585 773
1584 792
1583 773
1582 769
1581 790
1580 773
1579 775
1578 784
1577 788
1576 788
1575 776
1574 768
1573 774
1572 780
1571 785
1570 769
1569 773
1568 773
1567 752
1566 769
1565 761
1564 769
1563 776
1562 781
1561 773
1560 769
1559 779
1558 779
1557 761
1556 775
1555 765
1554 776
1553 765
1552 776
1551 769
1550 752
1549 774
1548 752
1547 748
1546 761
1545 752
1544 761
1543 771
1542 771
1541 740
1540 740
1539 741
1538 761
1537 768
1536 765
1535 748
1534 748
1533 741
1532 766
1531 741
1530 765
1529 743
1528 743
1527 763
1526 734
1525 739
1524 762
1523 739
1522 739
1521 734
1520 734
1519 753
1518 729
1517 734
1516 756
1515 757
1514 739
1513 756
1512 746
1511 741
1510 741
1509 745
1508 745
1507 743
1506 729
1505 752
1504 729
1503 734
1502 734
1501 750
1500 1498
1339 1319
1323 1319
1295 1274
1124 1097
1102 1092
1032 1009
1024 1018
1014 995
983 975
971 944
968 949
924 911
779 773
771 770
749 734
747 734
742 714
738 725
737 725
735 722
732 698
730 714
729 706
726 722
724 698
723 688
721 702
720 706
718 711
716 697
712 701
708 699
706 675
705 686
700 667
698 678
695 675
694 680
693 677
692 677
690 678
687 682
685 666
684 655
681 667
679 660
677 672
673 636
672 646
669 653
668 659
663 640
658 629
657 629
655 652
654 622
652 629
651 632
647 627
644 622
643 638
637 630
635 609
634 605
633 615
632 626
631 606
627 620
624 620
621 606
620 609
619 605
617 610
615 597
613 607
610 609
608 584
605 582
604 588
603 582
602 588
599 577
593 571
592 548
591 584
589 582
586 577
581 560
580 560
579 564
578 548
573 556
572 561
570 547
565 556
563 548
562 534
559 527
557 536
556 548
555 538
553 538
550 547
546 529
545 532
543 540
541 517
535 526
533 517
531 510
530 500
529 505
526 517
523 513
522 493
516 493
515 509
511 494
510 486
509 506
506 494
504 489
501 479
499 492
497 493
496 473
494 470
492 476
489 470
488 456
487 471
486 460
482 456
481 473
480 471
477 449
474 458
472 443
469 445
468 437
466 437
457 433
455 437
453 446
451 437
448 424
446 444
443 414
440 413
439 434
438 427
436 435
435 432
434 397
432 400
431 419
425 392
422 410
420 384
419 401
418 416
416 409
409 400
406 396
405 392
403 381
402 362
399 392
398 387
396 387
391 387
389 372
388 380
387 359
383 382
382 371
380 339
379 348
377 362
374 348
373 339
368 350
367 355
364 345
363 346
361 339
359 348
353 334
346 324
345 319
344 327
342 314
341 334
340 318
336 314
335 323
333 329
330 318
326 308
325 296
323 302
320 308
316 302
313 289
311 283
309 293
307 300
306 281
301 290
297 270
295 279
294 292
292 270
291 270
290 279
287 278
285 282
283 254
282 262
280 254
278 262
277 258
274 251
272 258
271 251
269 246
267 249
266 247
265 252
264 251
261 238
260 251
256 231
253 230
250 226
248 244
246 213
245 226
243 213
241 226
240 218
235 224
232 201
231 208
229 209
228 209
225 208
223 213
220 195
216 201
215 195
214 204
210 204
208 186
206 198
205 171
202 185
201 171
199 187
197 184
193 192
192 186
189 156
188 185
184 164
183 148
182 157
179 170
177 157
174 148
172 156
168 153
167 145
162 148
161 141
159 139
158 148
155 136
154 146
149 147
146 132
142 138
140 122
139 117
136 111
135 117
134 122
130 108
127 107
125 116
124 111
123 107
121 104
116 80
114 103
112 104
110 95
107 80
105 63
102 63
101 83
100 93
98 86
95 63
91 78
89 69
88 63
83 61
82 57
81 64
79 58
78 58
73 54
70 61
68 54
66 45
64 54
59 55
57 31
55 46
54 46
53 49
52 44
51 45
49 28
48 14
47 30
46 42
44 37
43 28
42 28
41 21
37 21
35 26
33 26
32 31
29 7
27 14
25 1
22 16
21 7
18 17
17 7
13 1
12 1
11 1
8 1
6 1
5 1
3 1
2477 1253
320 397
187 148
1557 799
892 923
704 670
1043 2074
1348 2724
1889 940
2505 1256
1803 1792
880 872
1028 1039
2928 1451
27 41
2617 1327
1263 1234
2583 2621
1193 2350
2423 1205
2732 2725
327 342
2464 2423
2645 1319
1004 1012
2975 1469
621 642
1981 927
1727 843
2818 1383
1008 999
32 19
1047 1000
2738 2733
2873 2794
1009 1015
1131 1128
1350 2717
1598 778
1811 848
1964 993
2883 1452
1596 817
256 214
779 775
258 196
1196 2427
843 1698
472 455
524 537
1951 978
2275 1117
2468 1225
1962 972
2679 2576
1389 2743
256 268
2633 1311
1649 831
90 106
2462 1237
1587 783
2649 2648
2777 2778
656 668
657 677
833 826
2883 1433
882 891
2290 1141
500 557
2880 2896
1107 2229
1582 1564
2815 1419
320 289
2236 1149
345 329
1734 827
192 178
2076 2065
1450 2881
2861 1445
122 164
2802 1411
107 122
471 493
758 744
831 1640
942 929
1884 916
1109 1135
700 665
1930 1918
1717 1700
2604 1327
2565 1308
1834 916
2857 1414
192 148
978 1004
690 762
2522 2602
916 909
219 218
1636 1595
2203 1123
2492 1256
2971 2937
2361 1175
1950 977
319 342
2206 1114
660 670
378 420
1571 784
2113 1045
923 878
330 249
1931 967
2043 1043
2230 1105
668 659
832 840
1705 878
2836 1431
2059 2028
826 1645
2491 1198
2077 1033
1628 1706
216 222
1646 775
2968 1477
1349 1351
1770 1684
2909 1455
2679 2594
932 959
2615 1316
1090 2159
2578 2590
620 625
85 83
157 176
314 329
2381 1135
981 991
1991 961
728 742
1526 740
1774 906
1709 853
1471 2963
1833 1799
2172 1096
1902 933
317 331
2045 1014
1117 1130
2831 2866
278 276
1948 970
1457 1453
2482 1233
544 587
2849 2977
1177 2194
123 132
1350 1335
1803 910
785 1601
184 156
2096 2127
1661 826
1690 1689
1130 2169
883 843
17 58
2949 2841
901 1821
2097 1071
2716 1334
1826 915
1274 2558
2442 2421
2083 2131
1520 1516
1340 1364
179 176
2310 2345
10 40
1285 1278
2858 2875
208 204
1646 1673
586 556
2644 1330
1535 752
2045 2110
80 125
2440 1240
2618 1292
1042 1036
2994 1451
1854 1902
2544 2550
1479 2978
660 740
88 71
780 1566
562 574
610 633
2076 1031
2261 1154
1865 969
1861 1825
708 699
21 44
2922 1424
2345 1170
1183 1190
1023 1009
529 442
1586 804
1940 956
715 675
2655 1309
2773 1411
972 985
105 90
1486 1477
2816 1397
2897 1442
1591 1578
286 257
1532 772
396 378
1666 809
2648 1320
1885 921
408 438
270 290
229 219
816 829
1650 828
1343 1337
873 865
2151 1041
357 327
244 246
621 637
2669 1358
2636 2612
106 132
192 178
666 705
2533 1261
1185 1166
91 46
134 154
2579 1248
995 1977
1347 2764
1756 875
2356 2284
1255 1270
1594 827
333 343
1972 958
725 666
975 972
375 354
682 687
2843 1418
2013 1041
1476 1467
1422 1418
1513 758
1886 1808
1690 846
2834 2765
1622 830
2243 1131
1997 997
2803 2825
1259 1256
2036 2012
2003 997
1653 1649
1061 1058
223 235
781 761
1058 2099
2264 1109
1630 819
1116 1076
1290 2564
637 620
1651 1622
829 848
203 219
1882 946
1031 995
149 132
2752 1404
912 889
803 1635
2874 1418
2756 1446
1666 1682
760 753
2605 1307
2018 1004
1523 801
1483 1477
337 280
2941 2977
1079 1083
1531 777
481 445
1927 1948
1457 1465
1937 958
358 331
2444 1217
658 629
870 881
509 503
2129 1111
260 277
2497 1257
1611 835
964 887
2315 1171
947 921
1781 902
1975 2028
1351 1376
2826 1403
1250 1248
1761 1762
2608 1335
119 45
2340 2286
138 180
2167 1074
2686 1351
1443 2865
530 542
2863 1459
1899 944
1302 1288
989 1927
1207 1222
2434 1225
2344 2300
305 279
2060 1037
2744 2865
332 330
2457 1238
2202 1094
278 273
483 495
2971 1499
1662 1664
2227 1126
1660 839
472 450
993 995
299 312
2744 1347
2109 1040
154 160
540 500
1798 886
730 695
1982 975
1575 1531
2262 1121
1028 2040
2037 2040
1501 757
1909 1842
369 432
2240 2263
1186 1184
1525 715
464 429
1320 2613
1114 1100
2100 1058
977 1936
739 753
1465 1455
779 1591
908 904
1125 1167
1830 911
1408 2774
290 254
2694 2652
44 36
1985 973
2822 1401
2731 1333
2723 1360
2643 1317
1455 2893
786 801
4 8
2742 1403
2636 1298
1959 1946
371 382
2083 1072
1729 854
2014 996
1177 1152
2034 1010
504 480
402 395
1203 2350
2605 1248
954 935
1480 1441
963 1932
2794 1371
1116 1083
2841 2796
1020 2081
2256 1133
1751 886
745 743
2639 2686
1815 927
1833 919
2415 1226
9 12
781 748
2606 2655
2807 2809
8 10
1082 1115
2184 1093
983 985
318 322
2397 1224
2422 1196
1284 1300
532 504
2036 1022
2924 1430
95 141
2626 2555
2831 1453
459 444
1242 1253
2781 1387
723 750
2669 2685
155 113
1641 830
2675 1345
429 449
964 1911
2308 1177
2725 2739
552 558
2372 1192
1078 1074
267 282
2686 1347
486 470
483 470
359 425
1528 722
1894 957
1266 1296
2772 1402
784 1602
1650 832
1566 789
545 544
1396 2806
2367 2244
48 95
1774 891
1075 1087
2527 2504
594 582
1635 1585
1407 2839
1499 1479
1562 1557
2618 1307
2030 2045
1659 805
1708 859
1886 934
1785 1773
1015 1071
1157 1167
169 191
332 347
678 1514
2860 2911
2579 2581
2093 1038
2637 1312
2391 1196
2637 1298
2135 1063
500 514
2693 1377
1907 946
2145 1093
1618 841
1391 2769
520 517
1422 2798
938 907
1312 2642
2383 2334
1281 1291
2522 2576
10 66
659 708
1756 874
2048 1022
2589 1245
1800 1753
32 82
2441 1256
1492 1467
584 575
1194 1188
1745 1776
1996 1002
1875 932
749 756
165 158
1610 821
288 286
5 10
219 236
1858 1767
78 58
2600 1301
1573 780
539 523
1089 2248
651 628
2370 2474
1374 2764
816 830
2884 1440
2748 2627
143 113
404 405
14 1
2685 2750
2782 2671
1910 1875
2586 1292
2771 2767
1874 1793
1833 1832
820 1645
2921 1405
2390 2423
2156 1100
637 617
1144 1182
74 85
1060 1084
647 607
2998 1483
451 442
575 584
211 156
1784 899
1543 740
2703 1354
2949 1473
344 341
2398 1194
409 417
2954 1480
2322 1177
2618 2603
2691 1355
1482 1489
2303 1164
9 7
169 207
502 512
2840 1397
2650 1375
837 826
143 136
699 682
1999 1002
2933 2780
86 71
2427 1216
1596 808
2939 1487
1281 1295
1986 1966
1299 1345
724 722
119 57
2351 1180
1912 949
1065 1028
1368 1338
849 873
2907 1436
1569 786
920 929
1476 2925
2378 1193
1748 884
1580 784
2451 1228
1859 962
1823 1848
1500 2940
2259 2298
1124 1091
678 717
2234 2208
1544 752
849 809
79 75
2679 1319
2181 1098
594 560
277 272
1506 756
2289 1131
803 798
770 1543
1672 828
2909 2946
1081 1114
356 396
176 170
2923 1456
2885 1448
88 172
1201 1183
2850 1459
1332 1310
1725 860
1640 815
2487 1273
2268 1165
2399 1202
656 650
601 608
1480 1481
1984 1954
2722 2723
1503 1508
542 524
2377 1201
655 681
1201 2348
1027 1011
564 587
2951 1498
904 1750
112 87
2523 1250
555 502
2946 1463
498 485
1232 1224
1895 1825
1317 2628
565 547
533 479
1523 1596
1210 2444
935 1785
878 883
1461 1428
432 500
2153 1111
1300 1327
355 343
1400 2918
1506 1529
2165 1094
2002 1011
2383 2431
158 198
2693 1313
2737 1365
1849 922
272 274
2297 1154
2846 1413
2051 2069
2347 2373
1686 1769
134 145
1115 1075
635 612
400 354
868 919
2593 2597
2085 1059
1448 2852
1377 2692
2664 1355
1757 1792
1503 756
2503 1246
134 140
1393 1418
240 244
1002 1019
591 547
2764 1405
234 196
437 411
736 733
268 212
2213 2253
82 134
2704 1345
2583 1292
1245 2478
2831 1428
1579 1591
1683 1666
1685 827
170 182
1959 966
676 653
2569 2499
2299 2216
1871 1895
2366 1179
1117 1121
268 212
734 754
330 371
244 222
2945 2942
2323 1160
2938 1468
2447 2465
729 1527
2886 1452
461 450
2270 1122
848 1610
945 1887
456 511
384 400
1271 1292
945 933
2491 1196
1676 1658
2853 1425
808 817
2895 1433
1205 1173
2223 2198
1644 824
314 334
2846 2819
2822 1401
633 615
2504 2501
183 233
1868 882
2033 997
1694 1749
1353 2653
414 464
2218 1122
729 756
433 435
200 219
1307 1320
2443 2420
1304 2586
1788 1814
1120 1142
1203 2404
560 579
1445 1432
1692 1712
865 1741
580 597
2740 1369
1039 1031
2827 1417
2094 1027
316 284
2402 1141
328 292
2122 2038
478 443
1522 782
1968 991
1445 1436
1220 2534
2520 1240
1889 1927
2317 1167
1951 1013
2933 1473
2877 1419
509 514
2453 1232
2726 2720
606 638
2380 2381
1549 839
2604 1296
522 555
174 137
2944 1467
2101 1030
2624 1313
2131 1072
886 839
1936 964
2334 1196
767 1552
2091 1047
36 46
49 62
622 706
1968 1958
2648 1312
2716 1344
776 765
1452 1458
735 722
2638 2709
236 156
524 536
625 691
2035 1027
1110 1122
1260 2491
1135 1139
675 755
2819 1376
1013 1014
805 1665
1396 2784
1106 1134
595 632
1190 1199
686 659
2678 1338
828 809
2128 2170
2852 2918
1767 875
2896 1459
1040 2084
818 807
244 293
1688 1629
1364 1325
1735 872
2468 1243
2494 1225
1680 1681
1899 956
288 276
2352 1144
2693 1341
2212 1121
1613 1675
1944 966
1981 963
2397 1176
265 244
2307 2296
2384 1158
2927 1445
529 512
2369 1195
1518 748
1637 1680
1560 801
2182 2199
2626 2656
903 1779
1414 1445
2540 1258
2854 1431
1115 2246
2708 1326
2816 1397
622 682
2151 2157
2188 2178
2487 1253
2377 1132
2446 1208
1875 1949
2299 2220
2454 1248
890 1783
526 441
690 730
1989 993
1448 1413
1 38
330 339
1374 1379
1236 2459
1058 2042
2543 1288
740 1509
421 430
1554 743
2251 1144
1526 1509
605 617
1482 1483
903 905
2255 1091
1661 824
319 343
2267 1134
163 146
1651 1641
266 268
1783 1816
2734 2688
1003 1976
2844 2870
1768 1769
2789 2830
1785 874
185 163
201 224
1748 1751
2353 1173
2314 2424
990 2054
185 204
304 283
1100 2230
589 587
117 128
2736 2746
2586 1319
2602 1307
1243 1215
1274 2509
852 1721
2901 1448
595 584
2117 1056
2082 2083
723 746
1896 1925
1949 949
214 175
2682 1368
273 308
2201 2190
1144 1119
2649 1300
706 719
2055 992
1851 908
465 526
1305 1349
1222 1204
2539 1263
1550 778
2615 1321
489 493
1205 1200
223 165
1942 970
945 933
1920 974
2028 972
1101 2158
1712 1705
2943 1461
2573 1279
1719 866
2827 2850
2727 1342
1351 1378
1215 2368
2797 1414
1724 880
997 2041
2129 1042
279 291
161 87
2297 1091
3000 2968
2995 1499
2208 1103
1652 792
1655 821
2011 1012
500 520
358 353
1766 876
648 595
395 357
2679 2657
1707 876
2822 2816
728 723
1010 997
434 404
423 452
2082 1042
1149 2276
1617 793
1112 1111
1984 984
2275 2241
1780 1820
2128 1025
827 864
2016 1011
2324 1143
597 590
275 279
1796 1779
2822 1388
1961 990
1966 994
1311 2642
2781 2796
1123 1073
243 249
1309 1288
378 436
2546 2517
307 320
1553 1532
2313 1153
2777 1410
454 482
2435 2441
349 324
316 236
2506 1238
105 133
1745 1686
2755 1368
1493 2954
1042 1074
2477 2472
397 371
965 1938
187 201
2957 2915
1422 1426
1047 2117
1832 886
2840 2868
489 479
2033 997
187 220
2276 1133
2417 1214
715 702
630 638
2873 1430
2121 2109
2515 2523
2356 1170
420 393
1229 1234
1229 1252
1857 1856
2751 1359
2197 2167
1940 976
727 722
1366 1342
626 641
2052 1009
2731 1373
1832 950
181 146
860 843
614 648
988 1008
1681 837
945 1875
650 632
2278 1173
1495 1488
1280 2562
2593 1291
2483 2441
1811 921
2739 1357
1426 1435
182 138
1532 773
1970 1966
1195 2396
911 940
76 21
1096 1077
768 1512
120 45
2928 1451
1004 992
217 251
1286 2557
2477 1235
2033 1019
2687 1371
169 164
2894 2860
1644 826
2910 1464
2612 2618
1443 1405
2382 1186
711 1529
986 983
902 1798
1061 2094
1610 816
2871 1448
1764 1772
2300 1140
2786 1383
798 813
2229 2190
1845 1836
