YES
1 2 3 4 6 7 8 9 5 11 10 12 13 15 14 16 17 18 19
YES
1 2 3 4 5 6 8 10 7 11 9 12 13 15 14 16 18 19 17
NO
YES
1 2 3 5 4 7 8 10 6 9 12 13 14 15 11 18 16 17 19
NO
YES
1 2 4 5 3 6 7 8 9 10 11 15 12 16 13 14 17 18
NO
NO
YES
1 2 3 4 7 8 5 9 6 10 11 12 13 15 14 17 16 18
NO
YES
1 2 3 6 4 7 5 8 9 10 11 12 13 15 17 18 14 16
YES
1 3 4 8 5 6 2 9 7 10 11 12 13 14 15 16 17 18 19
NO
NO
NO
YES
1 2 3 6 4 5 7 8 9 12 10 11 13 14 15 16 17 18
YES
1 2 4 7 3 8 5 9 6 11 10 13 12 14 15 17 16 18 19
YES
1 2 3 4 5 8 6 9 7 11 10 13 12 14 15 16 17 19 18
YES
1 2 3 4 5 6 7 8 9 10 11 12 13 14 15 16 17 18 19
YES
1 2 3 5 4 7 6 11 8 9 13 14 10 12 15 16 17 18
YES
1 2 3 5 4 6 9 10 11 12 7 14 8 15 16 17 18 19 13
NO
NO
NO
YES
1 2 3 4 5 7 6 9 8 11 12 14 15 16 10 17 13 18 19
YES
1 2 3 4 5 8 6 7 9 11 10 12 13 16 14 17 15 18 19
NO
YES
1 2 3 4 5 6 7 10 11 12 8 9 13 14 15 16 17 18 19
YES
1 2 3 5 4 7 6 8 9 11 10 12 13 14 16 17 15 18 19
NO
YES
1 5 7 9 2 3 4 10 6 8 11 12 13 14 15 16 18 19 17
YES
1 2 3 6 7 10 4 5 8 11 9 12 13 14 16 17 15 18
YES
1 3 5 6 2 7 4 8 9 13 10 17 11 18 12 19 14 15 16
NO
YES
1 2 4 6 3 5 7 8 9 10 11 14 12 13 15 16 17 18
YES
1 2 3 6 4 5 9 12 7 8 10 13 11 14 15 16 17 18
NO
YES
1 2 3 4 6 8 5 9 7 10 11 12 13 15 16 17 14 18 19
NO
NO
NO
YES
1 2 3 9 4 5 6 7 8 10 11 12 13 15 16 19 14 17 18
YES
1 2 3 7 4 5 6 8 9 11 12 13 10 15 14 16 17 18 19
YES
1 6 7 12 2 8 3 9 4 10 5 11 13 14 15 18 16 17
YES
1 2 4 5 3 6 7 9 8 10 11 13 12 14 15 16 18 19 17
YES
1 2 3 4 5 6 7 11 8 14 9 15 10 16 12 13 17 19 18
YES
1 2 3 6 4 8 5 7 9 12 10 11 13 14 15 16 17 18 19
NO
YES
1 2 3 5 4 7 6 8 9 11 10 13 12 14 15 17 16 19 18
YES
1 2 3 5 4 6 7 10 8 11 9 13 12 14 15 16 17 18 19
YES
1 2 3 4 6 7 8 9 5 10 11 12 13 14 15 18 16 17
YES
1 2 3 5 4 6 7 8 9 14 15 17 10 18 11 12 13 16 19
NO
NO
YES
1 2 3 5 4 7 9 10 6 8 11 12 13 16 14 17 15 18 19
YES
1 2 3 5 4 6 7 9 8 11 10 12 13 14 16 17 15 18
YES
1 2 5 7 8 10 3 4 6 9 12 14 11 13 15 16 17 18 19
NO
NO
YES
1 3 4 5 2 6 7 8 9 10 11 14 12 15 13 16 17 18 19
YES
1 2 3 4 5 6 7 9 8 10 12 13 11 14 15 16 17 18 19
NO
YES
1 2 4 5 6 7 3 9 8 10 12 13 11 15 14 16 17 18 19
YES
1 2 3 4 5 6 7 8 9 10 11 12 13 16 14 17 15 18 19
NO
YES
1 2 4 6 7 10 3 11 5 12 13 14 15 17 8 18 9 16
NO
YES
1 2 5 6 3 7 4 8 9 10 13 15 11 12 16 17 14 18
NO
YES
1 3 4 7 5 6 2 9 10 11 8 13 14 15 16 17 12 18
YES
1 2 3 5 8 9 4 6 7 13 14 15 10 11 12 16 17 18
NO
YES
1 2 4 6 3 5 8 9 7 11 10 13 12 15 14 16 17 18
NO
NO
YES
1 2 4 5 7 8 3 6 10 12 9 11 13 14 16 19 15 17 18
NO
NO
YES
1 2 3 4 5 6 7 8 10 12 9 13 11 17 14 18 15 19 16
YES
1 3 5 6 2 8 4 10 7 9 11 12 13 15 14 16 17 18 19
YES
1 2 4 5 3 8 6 11 7 9 12 13 10 14 15 17 16 18
YES
1 2 5 6 7 8 3 4 9 11 10 13 12 14 18 19 15 16 17
NO
NO
YES
1 2 3 5 4 6 8 9 7 11 10 12 13 15 14 16 17 18
YES
1 2 4 5 3 6 7 8 9 12 10 13 11 14 16 17 15 18
YES
1 2 3 5 4 7 6 9 8 11 10 14 12 16 13 17 15 19 18
NO
NO
YES
1 2 4 11 3 5 6 7 13 14 8 15 9 16 10 12 17 18
NO
NO
YES
1 2 4 5 3 7 6 8 9 12 10 13 11 14 15 16 17 18
NO
NO
YES
1 2 3 4 5 6 7 9 8 10 11 13 14 16 12 17 15 19 18
YES
1 2 3 5 4 6 7 8 9 10 11 12 13 14 15 16 17 18 19
NO
YES
1 2 3 8 4 6 5 7 9 10 11 14 12 13 15 16 17 18
NO
