100 0
19
1 2
1 3
3 4
1 5
3 6
6 7
6 8
7 9
2 10
7 11
8 12
10 13
8 14
13 15
6 16
10 17
9 18
8 19
1010111010101110101
19
1 2
1 3
2 4
4 5
4 6
2 7
5 8
7 9
8 10
5 11
1 12
2 13
12 14
10 15
7 16
14 17
8 18
5 19
1010101111101011101
18
1 2
2 3
1 4
4 5
1 6
4 7
3 8
6 9
6 10
7 11
9 12
1 13
6 14
3 15
9 16
6 17
14 18
101010111010101110
19
1 2
1 3
1 4
3 5
1 6
2 7
2 8
1 9
8 10
1 11
10 12
7 13
13 14
7 15
7 16
8 17
4 18
4 19
1010111011101110111
18
1 2
2 3
3 4
2 5
1 6
1 7
3 8
1 9
5 10
7 11
9 12
5 13
5 14
1 15
11 16
15 17
3 18
101110101110101111
18
1 2
2 3
1 4
1 5
5 6
1 7
5 8
5 9
9 10
2 11
11 12
4 13
7 14
5 15
10 16
3 17
9 18
101111111010101111
19
1 2
2 3
2 4
2 5
2 6
1 7
1 8
1 9
9 10
8 11
3 12
1 13
10 14
8 15
11 16
14 17
9 18
13 19
1010111111101110101
18
1 2
2 3
2 4
3 5
3 6
1 7
6 8
8 9
9 10
1 11
6 12
1 13
5 14
1 15
7 16
2 17
5 18
101110111111101011
18
1 2
1 3
1 4
3 5
1 6
4 7
4 8
4 9
7 10
8 11
2 12
12 13
6 14
4 15
8 16
3 17
15 18
101110101010101110
18
1 2
1 3
3 4
3 5
3 6
1 7
4 8
5 9
6 10
2 11
10 12
7 13
2 14
3 15
2 16
7 17
10 18
101011111111111010
18
1 2
1 3
1 4
4 5
3 6
6 7
5 8
1 9
8 10
6 11
5 12
1 13
6 14
12 15
3 16
5 17
4 18
101010111111111011
19
1 2
2 3
3 4
4 5
5 6
6 7
3 8
3 9
5 10
9 11
10 12
3 13
6 14
14 15
10 16
16 17
7 18
1 19
1011101110101010111
19
1 2
1 3
3 4
2 5
2 6
4 7
5 8
3 9
2 10
3 11
5 12
10 13
13 14
3 15
7 16
10 17
11 18
7 19
1011101110111110111
19
1 2
1 3
1 4
4 5
1 6
1 7
6 8
1 9
4 10
2 11
6 12
4 13
6 14
7 15
11 16
11 17
9 18
1 19
1010111010101111111
19
1 2
2 3
1 4
1 5
2 6
1 7
5 8
5 9
5 10
3 11
5 12
4 13
7 14
4 15
1 16
2 17
10 18
13 19
1011111010101011111
18
1 2
1 3
1 4
1 5
3 6
6 7
3 8
1 9
4 10
1 11
6 12
10 13
3 14
14 15
13 16
6 17
15 18
101011101011111110
19
1 2
2 3
1 4
3 5
3 6
1 7
7 8
4 9
5 10
7 11
10 12
4 13
4 14
12 15
4 16
2 17
1 18
12 19
1011111111111110111
19
1 2
2 3
1 4
1 5
2 6
3 7
1 8
5 9
3 10
1 11
3 12
11 13
2 14
3 15
13 16
1 17
7 18
4 19
1010111111111010111
19
1 2
1 3
2 4
4 5
5 6
2 7
6 8
1 9
4 10
3 11
8 12
12 13
2 14
11 15
5 16
9 17
10 18
16 19
1010101010101010101
18
1 2
2 3
2 4
3 5
3 6
1 7
2 8
1 9
1 10
6 11
2 12
5 13
6 14
13 15
11 16
11 17
17 18
101011101110111011
19
1 2
1 3
1 4
3 5
1 6
3 7
1 8
6 9
6 10
10 11
11 12
4 13
10 14
14 15
11 16
10 17
11 18
12 19
1010111110101011101
19
1 2
2 3
1 4
2 5
1 6
6 7
2 8
4 9
7 10
10 11
8 12
3 13
4 14
2 15
4 16
6 17
9 18
13 19
1011111010111010101
18
1 2
2 3
2 4
2 5
5 6
2 7
6 8
6 9
6 10
4 11
1 12
11 13
3 14
4 15
10 16
2 17
5 18
101011101111101110
18
1 2
2 3
1 4
1 5
2 6
2 7
2 8
5 9
1 10
4 11
3 12
1 13
2 14
10 15
11 16
4 17
5 18
101110101010101110
19
1 2
2 3
3 4
2 5
2 6
4 7
6 8
4 9
3 10
9 11
7 12
8 13
9 14
14 15
7 16
12 17
13 18
3 19
1010101010101111101
19
1 2
2 3
1 4
4 5
3 6
6 7
1 8
3 9
2 10
6 11
7 12
9 13
4 14
14 15
11 16
16 17
4 18
9 19
1010111010101111101
18
1 2
1 3
3 4
1 5
2 6
1 7
4 8
1 9
6 10
3 11
11 12
4 13
11 14
11 15
6 16
1 17
15 18
101011111111111111
19
1 2
1 3
1 4
4 5
3 6
1 7
7 8
2 9
6 10
6 11
10 12
5 13
8 14
3 15
1 16
16 17
3 18
11 19
1011111110111111111
19
1 2
1 3
1 4
3 5
3 6
1 7
5 8
7 9
4 10
8 11
6 12
9 13
10 14
14 15
6 16
8 17
14 18
16 19
1010111010101110111
19
1 2
1 3
3 4
3 5
3 6
3 7
5 8
3 9
6 10
8 11
11 12
7 13
8 14
4 15
11 16
16 17
15 18
13 19
1010111110101011101
19
1 2
1 3
3 4
3 5
4 6
5 7
2 8
5 9
5 10
1 11
8 12
8 13
3 14
8 15
11 16
14 17
16 18
18 19
1011101011111110111
18
1 2
2 3
3 4
4 5
1 6
1 7
2 8
8 9
1 10
7 11
1 12
12 13
12 14
12 15
9 16
2 17
11 18
101011101010111011
19
1 2
1 3
1 4
3 5
3 6
3 7
1 8
2 9
8 10
9 11
9 12
5 13
2 14
1 15
14 16
3 17
7 18
18 19
1011111010101010111
19
1 2
2 3
2 4
3 5
1 6
2 7
7 8
3 9
2 10
6 11
10 12
4 13
6 14
5 15
10 16
2 17
12 18
5 19
1011111110101110101
18
1 2
2 3
2 4
2 5
4 6
6 7
7 8
4 9
2 10
4 11
6 12
12 13
10 14
1 15
3 16
10 17
6 18
101011101010111010
18
1 2
2 3
1 4
4 5
2 6
4 7
5 8
2 9
1 10
4 11
9 12
12 13
4 14
13 15
15 16
13 17
15 18
101110111010111011
18
1 2
2 3
1 4
1 5
5 6
3 7
6 8
5 9
4 10
7 11
8 12
11 13
4 14
4 15
5 16
2 17
16 18
101111101111101110
19
1 2
2 3
3 4
3 5
4 6
5 7
4 8
8 9
8 10
8 11
5 12
11 13
7 14
9 15
10 16
11 17
1 18
1 19
1010101010101110111
19
1 2
1 3
2 4
1 5
4 6
6 7
5 8
6 9
6 10
10 11
7 12
9 13
6 14
6 15
12 16
5 17
8 18
2 19
1010001010111111101
18
1 2
1 3
1 4
2 5
2 6
6 7
2 8
6 9
1 10
3 11
4 12
9 13
11 14
3 15
11 16
7 17
13 18
101111111111101011
19
1 2
2 3
1 4
2 5
3 6
5 7
2 8
4 9
2 10
10 11
11 12
5 13
3 14
13 15
12 16
10 17
16 18
10 19
1010101011101110111
19
1 2
1 3
3 4
2 5
4 6
6 7
5 8
1 9
2 10
4 11
11 12
2 13
1 14
5 15
8 16
11 17
1 18
5 19
1011111011101110111
19
1 2
2 3
3 4
4 5
1 6
2 7
3 8
1 9
2 10
9 11
6 12
6 13
10 14
11 15
13 16
14 17
14 18
2 19
1011101011101010111
18
1 2
1 3
1 4
4 5
1 6
6 7
7 8
7 9
8 10
10 11
6 12
11 13
11 14
5 15
6 16
16 17
13 18
101111111111101011
19
1 2
1 3
1 4
4 5
4 6
2 7
5 8
1 9
5 10
10 11
1 12
10 13
13 14
12 15
1 16
5 17
7 18
3 19
1010101110111110111
19
1 2
2 3
3 4
4 5
4 6
4 7
6 8
8 9
5 10
1 11
4 12
8 13
1 14
14 15
2 16
16 17
9 18
14 19
1010101010101011101
19
1 2
1 3
1 4
1 5
3 6
5 7
6 8
8 9
4 10
1 11
8 12
6 13
6 14
4 15
5 16
14 17
11 18
7 19
1010101110111011111
18
1 2
1 3
3 4
2 5
5 6
6 7
4 8
6 9
9 10
1 11
7 12
11 13
8 14
14 15
1 16
1 17
14 18
101011101111111110
19
1 2
2 3
2 4
3 5
5 6
1 7
5 8
7 9
3 10
7 11
1 12
3 13
11 14
6 15
3 16
14 17
16 18
14 19
1010111011101111111
19
1 2
1 3
1 4
3 5
5 6
1 7
1 8
7 9
6 10
6 11
5 12
4 13
7 14
6 15
11 16
16 17
8 18
13 19
1010101010111110101
18
1 2
2 3
1 4
2 5
1 6
6 7
6 8
8 9
2 10
5 11
2 12
9 13
3 14
2 15
5 16
15 17
4 18
101011101110101011
19
1 2
1 3
1 4
3 5
3 6
2 7
4 8
8 9
7 10
1 11
7 12
7 13
9 14
4 15
13 16
4 17
15 18
16 19
1010101111101011111
18
1 2
2 3
1 4
4 5
2 6
6 7
6 8
5 9
7 10
2 11
3 12
11 13
3 14
3 15
1 16
2 17
11 18
101010101010111111
18
1 2
2 3
1 4
2 5
3 6
6 7
1 8
7 9
1 10
10 11
8 12
5 13
3 14
3 15
7 16
3 17
3 18
101011101111111111
19
1 2
2 3
1 4
2 5
2 6
5 7
1 8
5 9
5 10
5 11
8 12
9 13
10 14
9 15
12 16
16 17
7 18
6 19
1011111011111111101
18
1 2
2 3
2 4
3 5
5 6
6 7
2 8
3 9
4 10
5 11
9 12
2 13
9 14
11 15
1 16
13 17
7 18
101010111111111011
19
1 2
2 3
3 4
1 5
4 6
5 7
5 8
6 9
8 10
5 11
6 12
3 13
2 14
3 15
6 16
12 17
14 18
11 19
1010111010111110101
19
1 2
1 3
3 4
2 5
3 6
1 7
6 8
2 9
3 10
5 11
7 12
1 13
1 14
5 15
9 16
8 17
6 18
12 19
1010101011111111101
19
1 2
2 3
1 4
4 5
3 6
2 7
4 8
7 9
5 10
5 11
3 12
1 13
1 14
14 15
8 16
11 17
7 18
7 19
1011101010101011101
19
1 2
2 3
3 4
3 5
1 6
4 7
7 8
6 9
4 10
4 11
2 12
1 13
10 14
11 15
1 16
11 17
1 18
11 19
1011101111101011111
19
1 2
2 3
2 4
3 5
1 6
3 7
3 8
1 9
6 10
6 11
7 12
5 13
7 14
4 15
11 16
10 17
1 18
4 19
1011111111101011111
19
1 2
2 3
2 4
3 5
3 6
3 7
7 8
4 9
9 10
3 11
9 12
2 13
6 14
3 15
6 16
6 17
13 18
8 19
1010111111111011101
19
1 2
2 3
1 4
1 5
4 6
6 7
2 8
6 9
3 10
5 11
4 12
9 13
11 14
13 15
7 16
4 17
1 18
14 19
1011101011101010101
19
1 2
1 3
3 4
3 5
2 6
2 7
4 8
6 9
6 10
8 11
8 12
1 13
10 14
1 15
5 16
11 17
5 18
6 19
1010101010101010101
18
1 2
1 3
2 4
4 5
5 6
3 7
1 8
8 9
2 10
1 11
9 12
10 13
7 14
9 15
15 16
4 17
12 18
101010101111101110
18
1 2
1 3
3 4
3 5
4 6
6 7
6 8
8 9
4 10
10 11
10 12
11 13
10 14
10 15
1 16
11 17
15 18
101011111111101011
18
1 2
2 3
3 4
3 5
4 6
6 7
7 8
2 9
3 10
3 11
1 12
11 13
3 14
10 15
13 16
15 17
8 18
101010111111111011
18
1 2
1 3
2 4
1 5
5 6
6 7
6 8
7 9
9 10
2 11
11 12
10 13
1 14
7 15
15 16
6 17
11 18
101010101011101110
19
1 2
1 3
2 4
1 5
4 6
2 7
5 8
2 9
9 10
9 11
2 12
6 13
2 14
13 15
12 16
14 17
7 18
16 19
1010101111101011101
18
1 2
1 3
3 4
4 5
5 6
3 7
3 8
1 9
1 10
9 11
7 12
5 13
4 14
14 15
6 16
5 17
1 18
101110111011111011
18
1 2
2 3
2 4
2 5
3 6
1 7
5 8
5 9
3 10
10 11
11 12
9 13
8 14
14 15
4 16
6 17
12 18
101110111110111111
18
1 2
1 3
2 4
2 5
2 6
6 7
5 8
6 9
6 10
9 11
8 12
10 13
4 14
13 15
2 16
14 17
1 18
101011111011111011
18
1 2
2 3
1 4
3 5
1 6
5 7
4 8
4 9
1 10
3 11
3 12
1 13
10 14
2 15
13 16
16 17
4 18
101110111011101111
18
1 2
1 3
3 4
3 5
5 6
3 7
7 8
4 9
9 10
2 11
2 12
4 13
5 14
14 15
2 16
14 17
14 18
101111101010101010
19
1 2
2 3
2 4
1 5
1 6
6 7
1 8
7 9
7 10
2 11
3 12
7 13
3 14
10 15
1 16
7 17
4 18
2 19
1011111111111111101
19
1 2
2 3
3 4
4 5
2 6
4 7
5 8
8 9
1 10
10 11
3 12
10 13
3 14
12 15
10 16
3 17
3 18
13 19
1010111011111110111
18
1 2
2 3
1 4
1 5
2 6
2 7
7 8
1 9
7 10
4 11
5 12
9 13
7 14
10 15
9 16
14 17
10 18
101010111011111110
19
1 2
1 3
1 4
3 5
1 6
6 7
5 8
1 9
4 10
8 11
11 12
12 13
11 14
7 15
9 16
11 17
2 18
7 19
1010111110111110101
19
1 2
1 3
3 4
1 5
3 6
6 7
1 8
1 9
3 10
9 11
4 12
4 13
5 14
5 15
11 16
12 17
10 18
10 19
1010101011111111111
19
1 2
2 3
1 4
3 5
3 6
4 7
3 8
7 9
3 10
10 11
2 12
12 13
2 14
3 15
4 16
14 17
5 18
15 19
1011111110101011111
18
1 2
2 3
2 4
4 5
2 6
1 7
4 8
3 9
3 10
5 11
5 12
4 13
3 14
12 15
13 16
2 17
2 18
101010101110111111
19
1 2
2 3
2 4
4 5
5 6
5 7
7 8
5 9
5 10
2 11
6 12
3 13
10 14
9 15
14 16
16 17
1 18
13 19
1010111010101110111
19
1 2
1 3
1 4
1 5
3 6
3 7
6 8
5 9
4 10
4 11
9 12
4 13
13 14
7 15
15 16
14 17
12 18
6 19
1010111111111010101
18
1 2
1 3
1 4
2 5
1 6
2 7
3 8
5 9
3 10
9 11
1 12
4 13
12 14
10 15
9 16
7 17
11 18
101110111111101110
18
1 2
1 3
3 4
1 5
3 6
2 7
3 8
8 9
7 10
3 11
7 12
9 13
8 14
1 15
15 16
14 17
11 18
101110111110101011
18
1 2
1 3
1 4
4 5
5 6
6 7
3 8
7 9
6 10
1 11
4 12
7 13
3 14
9 15
8 16
8 17
12 18
101010101110111011
19
1 2
2 3
3 4
2 5
3 6
5 7
2 8
4 9
2 10
3 11
1 12
2 13
11 14
12 15
9 16
16 17
11 18
5 19
1011111010101010111
19
1 2
2 3
2 4
4 5
4 6
5 7
6 8
4 9
3 10
5 11
9 12
12 13
11 14
6 15
3 16
7 17
2 18
12 19
1010111111101110111
19
1 2
2 3
1 4
2 5
2 6
6 7
4 8
3 9
8 10
10 11
3 12
9 13
5 14
11 15
1 16
5 17
11 18
4 19
1010101110110010111
18
1 2
2 3
1 4
3 5
5 6
6 7
6 8
8 9
7 10
1 11
7 12
2 13
13 14
2 15
4 16
9 17
1 18
101110101111111010
18
1 2
1 3
2 4
1 5
5 6
5 7
2 8
3 9
4 10
7 11
9 12
10 13
1 14
6 15
7 16
14 17
7 18
101010111011111011
18
1 2
1 3
1 4
4 5
4 6
2 7
5 8
1 9
4 10
10 11
10 12
10 13
1 14
10 15
1 16
14 17
17 18
101110101110101011
18
1 2
1 3
1 4
4 5
5 6
2 7
6 8
3 9
6 10
6 11
3 12
7 13
12 14
6 15
12 16
7 17
13 18
101011101111111111
18
1 2
2 3
1 4
2 5
1 6
5 7
5 8
6 9
2 10
4 11
9 12
11 13
5 14
8 15
12 16
15 17
17 18
101111101110111010
18
1 2
1 3
3 4
4 5
3 6
1 7
5 8
3 9
3 10
8 11
2 12
11 13
4 14
3 15
4 16
8 17
7 18
101110111111101110
19
1 2
2 3
1 4
4 5
4 6
5 7
2 8
4 9
9 10
1 11
9 12
1 13
3 14
5 15
14 16
11 17
5 18
16 19
1010101111101111111
19
1 2
2 3
3 4
2 5
4 6
4 7
1 8
3 9
5 10
3 11
8 12
4 13
9 14
2 15
3 16
10 17
12 18
15 19
1011101010101111101
19
1 2
2 3
3 4
3 5
4 6
6 7
3 8
3 9
8 10
7 11
7 12
12 13
9 14
2 15
2 16
14 17
2 18
8 19
1011101111101111101
18
1 2
2 3
3 4
4 5
1 6
5 7
2 8
3 9
4 10
2 11
7 12
3 13
6 14
4 15
7 16
2 17
10 18
101111101110111111
19
1 2
2 3
3 4
4 5
5 6
3 7
5 8
5 9
5 10
9 11
10 12
9 13
11 14
8 15
12 16
15 17
12 18
5 19
1010111011101010111
