50 50
1 2 42 1
2 3 67 1
2 4 58 0
3 5 51 0
4 6 54 1
6 7 55 1
6 8 71 1
2 9 69 0
5 10 56 0
4 11 65 0
10 12 62 1
4 13 71 1
4 14 77 1
10 15 63 0
12 16 67 0
15 17 63 0
8 18 61 1
2 19 57 1
2 20 64 1
11 21 71 1
9 22 62 0
18 23 65 1
5 24 66 1
2 25 49 0
9 26 56 1
13 27 61 0
26 28 62 0
28 29 66 1
28 30 77 1
7 31 62 0
12 32 65 1
23 33 56 0
27 34 61 0
25 35 63 1
25 36 64 0
28 37 56 0
13 38 58 1
11 39 50 0
21 40 66 0
1 41 58 1
26 42 62 1
13 43 57 1
37 44 77 0
12 45 61 0
37 46 56 1
8 47 58 1
10 48 53 0
17 49 55 0
13 50 54 1
