3000 3000
1 2 1 0
1 3 1 1
2 4 1 1
2 5 1 1
5 6 1 1
4 7 1 1
3 8 1 0
7 9 1 0
2 10 1 0
6 11 1 0
11 12 1 1
1 13 1 0
3 14 1 0
11 15 1 0
8 16 1 0
11 17 1 0
5 18 1 0
10 19 1 1
10 20 1 1
14 21 1 1
11 22 1 1
3 23 1 0
6 24 1 1
7 25 1 1
21 26 1 0
17 27 1 1
5 28 1 0
5 29 1 0
15 30 1 1
8 31 1 0
12 32 1 1
6 33 1 0
6 34 1 0
2 35 1 1
12 36 1 1
2 37 1 0
12 38 1 0
38 39 1 1
35 40 1 0
19 41 1 1
6 42 1 0
11 43 1 0
11 44 1 1
41 45 1 0
13 46 1 1
1 47 1 0
14 48 1 0
37 49 1 0
38 50 1 0
28 51 1 0
19 52 1 1
40 53 1 0
23 54 1 0
43 55 1 0
49 56 1 1
42 57 1 1
54 58 1 1
15 59 1 1
43 60 1 0
38 61 1 1
16 62 1 1
12 63 1 1
8 64 1 1
47 65 1 0
61 66 1 0
31 67 1 1
36 68 1 0
54 69 1 0
62 70 1 1
69 71 1 1
16 72 1 0
62 73 1 0
14 74 1 0
2 75 1 0
23 76 1 0
39 77 1 0
45 78 1 1
56 79 1 0
43 80 1 0
78 81 1 0
46 82 1 0
26 83 1 1
34 84 1 1
13 85 1 0
71 86 1 1
44 87 1 1
87 88 1 1
24 89 1 1
39 90 1 1
73 91 1 0
25 92 1 0
75 93 1 0
15 94 1 1
12 95 1 1
58 96 1 0
76 97 1 0
63 98 1 0
30 99 1 1
88 100 1 0
67 101 1 0
42 102 1 1
34 103 1 1
66 104 1 1
26 105 1 1
66 106 1 1
7 107 1 1
58 108 1 1
3 109 1 1
19 110 1 1
86 111 1 0
51 112 1 0
78 113 1 1
71 114 1 1
52 115 1 1
65 116 1 0
27 117 1 1
57 118 1 0
116 119 1 0
100 120 1 0
24 121 1 0
63 122 1 0
63 123 1 1
84 124 1 0
73 125 1 1
1 126 1 0
77 127 1 0
90 128 1 0
15 129 1 1
42 130 1 0
27 131 1 1
73 132 1 0
86 133 1 1
120 134 1 1
7 135 1 1
25 136 1 0
91 137 1 0
129 138 1 1
125 139 1 1
81 140 1 0
22 141 1 1
54 142 1 1
79 143 1 0
63 144 1 0
44 145 1 0
10 146 1 0
136 147 1 0
24 148 1 0
142 149 1 1
88 150 1 1
60 151 1 0
35 152 1 1
52 153 1 0
113 154 1 1
46 155 1 1
85 156 1 1
72 157 1 0
123 158 1 1
2 159 1 1
129 160 1 1
128 161 1 1
133 162 1 1
43 163 1 0
70 164 1 1
75 165 1 0
118 166 1 1
51 167 1 0
79 168 1 0
55 169 1 0
143 170 1 0
125 171 1 1
72 172 1 1
106 173 1 1
67 174 1 0
143 175 1 1
66 176 1 1
44 177 1 0
64 178 1 0
38 179 1 0
161 180 1 1
8 181 1 1
177 182 1 1
2 183 1 1
107 184 1 0
175 185 1 1
158 186 1 0
156 187 1 1
161 188 1 1
38 189 1 1
32 190 1 0
102 191 1 1
134 192 1 0
135 193 1 1
156 194 1 0
135 195 1 1
54 196 1 1
183 197 1 0
1 198 1 1
62 199 1 0
191 200 1 0
170 201 1 0
54 202 1 1
96 203 1 1
186 204 1 1
137 205 1 1
54 206 1 1
8 207 1 0
19 208 1 0
106 209 1 1
13 210 1 1
25 211 1 1
29 212 1 1
104 213 1 1
14 214 1 1
149 215 1 0
109 216 1 0
208 217 1 0
212 218 1 1
14 219 1 1
5 220 1 1
162 221 1 1
64 222 1 1
83 223 1 1
126 224 1 0
127 225 1 0
53 226 1 1
64 227 1 0
107 228 1 0
93 229 1 0
171 230 1 0
24 231 1 1
90 232 1 1
211 233 1 0
33 234 1 0
210 235 1 0
73 236 1 1
138 237 1 1
136 238 1 1
92 239 1 1
182 240 1 0
74 241 1 1
16 242 1 0
164 243 1 0
121 244 1 0
213 245 1 0
7 246 1 0
43 247 1 1
91 248 1 0
141 249 1 1
56 250 1 0
224 251 1 0
228 252 1 0
45 253 1 0
178 254 1 0
79 255 1 0
84 256 1 0
136 257 1 0
134 258 1 1
94 259 1 1
168 260 1 0
135 261 1 1
209 262 1 1
39 263 1 1
215 264 1 0
153 265 1 1
123 266 1 1
186 267 1 1
20 268 1 1
196 269 1 1
71 270 1 1
144 271 1 0
2 272 1 0
19 273 1 0
156 274 1 1
239 275 1 1
220 276 1 0
237 277 1 1
2 278 1 1
53 279 1 0
201 280 1 0
60 281 1 1
260 282 1 1
22 283 1 1
16 284 1 0
75 285 1 1
94 286 1 0
221 287 1 1
89 288 1 0
71 289 1 1
42 290 1 1
50 291 1 0
63 292 1 1
70 293 1 0
126 294 1 0
88 295 1 0
140 296 1 1
1 297 1 0
176 298 1 0
35 299 1 1
121 300 1 1
281 301 1 0
229 302 1 1
209 303 1 0
85 304 1 0
50 305 1 1
200 306 1 1
29 307 1 0
65 308 1 1
16 309 1 1
240 310 1 1
64 311 1 1
223 312 1 0
243 313 1 1
254 314 1 0
164 315 1 0
82 316 1 0
191 317 1 0
304 318 1 0
1 319 1 1
233 320 1 0
194 321 1 0
245 322 1 0
108 323 1 1
137 324 1 1
159 325 1 1
247 326 1 1
182 327 1 0
197 328 1 0
208 329 1 1
101 330 1 1
236 331 1 1
137 332 1 0
199 333 1 0
12 334 1 0
234 335 1 1
92 336 1 1
149 337 1 1
209 338 1 0
303 339 1 0
76 340 1 0
148 341 1 0
121 342 1 1
113 343 1 1
136 344 1 1
300 345 1 0
196 346 1 0
342 347 1 0
100 348 1 1
172 349 1 1
344 350 1 0
253 351 1 1
270 352 1 0
265 353 1 1
241 354 1 0
47 355 1 0
351 356 1 1
21 357 1 1
250 358 1 1
152 359 1 0
304 360 1 0
313 361 1 0
223 362 1 1
19 363 1 0
275 364 1 1
153 365 1 0
253 366 1 0
165 367 1 0
193 368 1 0
224 369 1 0
74 370 1 0
57 371 1 0
88 372 1 0
100 373 1 1
346 374 1 0
205 375 1 0
134 376 1 1
57 377 1 0
77 378 1 0
39 379 1 0
41 380 1 0
330 381 1 0
32 382 1 0
20 383 1 1
77 384 1 1
56 385 1 1
278 386 1 1
151 387 1 1
250 388 1 0
155 389 1 0
311 390 1 1
300 391 1 0
234 392 1 0
312 393 1 1
202 394 1 1
187 395 1 1
249 396 1 1
391 397 1 0
184 398 1 1
5 399 1 0
50 400 1 0
170 401 1 1
217 402 1 0
41 403 1 1
308 404 1 0
150 405 1 1
226 406 1 1
87 407 1 1
288 408 1 0
241 409 1 1
347 410 1 0
235 411 1 0
319 412 1 0
357 413 1 0
371 414 1 0
104 415 1 1
298 416 1 1
109 417 1 0
237 418 1 0
233 419 1 1
117 420 1 0
325 421 1 1
82 422 1 0
304 423 1 1
98 424 1 0
57 425 1 1
162 426 1 1
274 427 1 1
318 428 1 1
298 429 1 1
381 430 1 1
206 431 1 1
344 432 1 1
161 433 1 1
16 434 1 1
148 435 1 0
212 436 1 1
433 437 1 1
323 438 1 0
68 439 1 1
148 440 1 1
166 441 1 1
415 442 1 1
156 443 1 1
263 444 1 0
435 445 1 0
115 446 1 1
432 447 1 1
120 448 1 1
269 449 1 1
182 450 1 1
180 451 1 0
333 452 1 0
325 453 1 0
392 454 1 0
185 455 1 0
221 456 1 0
130 457 1 1
432 458 1 0
260 459 1 0
129 460 1 0
145 461 1 0
217 462 1 1
408 463 1 1
63 464 1 1
262 465 1 1
288 466 1 0
105 467 1 0
350 468 1 1
297 469 1 0
296 470 1 1
91 471 1 1
295 472 1 0
401 473 1 1
123 474 1 1
89 475 1 1
223 476 1 1
235 477 1 1
161 478 1 0
291 479 1 0
14 480 1 0
17 481 1 0
374 482 1 0
343 483 1 1
446 484 1 1
369 485 1 1
138 486 1 0
91 487 1 1
171 488 1 1
390 489 1 0
318 490 1 0
429 491 1 0
249 492 1 1
458 493 1 0
157 494 1 0
263 495 1 1
201 496 1 0
15 497 1 0
393 498 1 0
411 499 1 0
156 500 1 1
397 501 1 1
354 502 1 1
389 503 1 0
110 504 1 0
245 505 1 1
2 506 1 1
484 507 1 0
112 508 1 1
223 509 1 0
382 510 1 1
477 511 1 0
12 512 1 1
377 513 1 1
404 514 1 1
429 515 1 1
175 516 1 1
383 517 1 0
411 518 1 1
18 519 1 1
152 520 1 1
273 521 1 1
13 522 1 0
370 523 1 0
396 524 1 0
494 525 1 0
406 526 1 1
349 527 1 0
475 528 1 0
111 529 1 0
304 530 1 1
362 531 1 1
8 532 1 0
19 533 1 0
457 534 1 1
373 535 1 0
320 536 1 0
485 537 1 0
254 538 1 1
234 539 1 1
454 540 1 0
106 541 1 1
539 542 1 0
38 543 1 1
164 544 1 1
231 545 1 0
336 546 1 0
76 547 1 1
525 548 1 0
94 549 1 1
322 550 1 0
254 551 1 0
461 552 1 1
434 553 1 1
524 554 1 1
129 555 1 0
325 556 1 1
275 557 1 0
69 558 1 0
372 559 1 1
150 560 1 0
74 561 1 0
75 562 1 1
549 563 1 0
54 564 1 0
54 565 1 0
104 566 1 1
147 567 1 1
339 568 1 1
266 569 1 1
563 570 1 1
438 571 1 1
79 572 1 0
259 573 1 0
199 574 1 0
386 575 1 1
215 576 1 0
296 577 1 0
319 578 1 1
247 579 1 0
426 580 1 0
156 581 1 1
430 582 1 0
95 583 1 1
530 584 1 1
271 585 1 1
519 586 1 0
259 587 1 1
396 588 1 1
566 589 1 0
246 590 1 0
369 591 1 0
435 592 1 1
12 593 1 0
515 594 1 0
498 595 1 1
481 596 1 0
262 597 1 1
115 598 1 0
470 599 1 0
138 600 1 0
253 601 1 0
315 602 1 0
280 603 1 1
597 604 1 0
556 605 1 0
426 606 1 0
60 607 1 0
584 608 1 1
95 609 1 0
145 610 1 0
194 611 1 0
19 612 1 1
611 613 1 0
601 614 1 1
259 615 1 1
235 616 1 0
427 617 1 1
413 618 1 0
242 619 1 0
507 620 1 0
257 621 1 0
23 622 1 1
432 623 1 1
7 624 1 1
348 625 1 0
501 626 1 0
359 627 1 1
148 628 1 1
185 629 1 1
568 630 1 1
49 631 1 0
357 632 1 0
194 633 1 0
279 634 1 1
495 635 1 1
632 636 1 0
11 637 1 0
429 638 1 1
332 639 1 1
506 640 1 0
6 641 1 1
433 642 1 1
2 643 1 1
238 644 1 1
560 645 1 0
379 646 1 1
340 647 1 0
446 648 1 0
422 649 1 0
508 650 1 1
516 651 1 1
623 652 1 1
608 653 1 1
257 654 1 1
31 655 1 0
355 656 1 0
571 657 1 0
606 658 1 1
544 659 1 0
341 660 1 1
357 661 1 0
335 662 1 0
83 663 1 0
572 664 1 0
292 665 1 1
197 666 1 0
41 667 1 1
305 668 1 0
664 669 1 0
478 670 1 0
486 671 1 1
25 672 1 1
319 673 1 1
586 674 1 1
187 675 1 1
641 676 1 1
587 677 1 0
143 678 1 1
471 679 1 1
563 680 1 1
214 681 1 0
112 682 1 1
337 683 1 0
252 684 1 0
372 685 1 1
211 686 1 1
357 687 1 0
13 688 1 1
66 689 1 1
598 690 1 1
661 691 1 0
599 692 1 1
62 693 1 0
504 694 1 0
357 695 1 0
413 696 1 0
60 697 1 0
285 698 1 0
387 699 1 0
319 700 1 0
478 701 1 0
648 702 1 0
125 703 1 0
341 704 1 1
77 705 1 0
408 706 1 1
645 707 1 0
501 708 1 1
272 709 1 0
305 710 1 0
76 711 1 1
420 712 1 1
503 713 1 0
693 714 1 1
242 715 1 0
136 716 1 0
85 717 1 0
639 718 1 1
435 719 1 1
709 720 1 1
544 721 1 1
419 722 1 0
215 723 1 1
337 724 1 0
708 725 1 0
74 726 1 1
382 727 1 1
526 728 1 0
111 729 1 1
7 730 1 1
324 731 1 0
7 732 1 1
216 733 1 1
277 734 1 1
66 735 1 0
681 736 1 1
394 737 1 1
386 738 1 1
240 739 1 1
419 740 1 1
64 741 1 1
474 742 1 1
283 743 1 1
621 744 1 0
14 745 1 0
506 746 1 1
167 747 1 0
276 748 1 0
742 749 1 1
427 750 1 0
737 751 1 1
443 752 1 0
573 753 1 1
533 754 1 0
645 755 1 0
266 756 1 0
289 757 1 0
751 758 1 1
158 759 1 1
564 760 1 1
728 761 1 0
589 762 1 0
544 763 1 0
348 764 1 1
3 765 1 1
234 766 1 0
199 767 1 1
217 768 1 0
142 769 1 1
292 770 1 1
315 771 1 0
387 772 1 0
108 773 1 0
741 774 1 0
294 775 1 0
385 776 1 0
569 777 1 0
125 778 1 0
167 779 1 1
265 780 1 1
370 781 1 0
569 782 1 1
340 783 1 1
261 784 1 0
396 785 1 1
491 786 1 1
781 787 1 0
53 788 1 1
548 789 1 0
201 790 1 1
663 791 1 0
595 792 1 0
28 793 1 0
270 794 1 1
73 795 1 1
316 796 1 1
177 797 1 1
703 798 1 0
440 799 1 1
533 800 1 0
63 801 1 0
264 802 1 1
762 803 1 1
771 804 1 1
359 805 1 0
169 806 1 1
352 807 1 1
195 808 1 0
336 809 1 1
36 810 1 0
59 811 1 0
117 812 1 0
20 813 1 0
537 814 1 0
18 815 1 1
195 816 1 0
681 817 1 0
695 818 1 0
337 819 1 1
543 820 1 0
378 821 1 0
813 822 1 0
400 823 1 1
435 824 1 1
102 825 1 1
328 826 1 0
254 827 1 1
694 828 1 0
657 829 1 0
427 830 1 0
26 831 1 0
480 832 1 0
548 833 1 1
198 834 1 1
149 835 1 0
817 836 1 0
371 837 1 0
33 838 1 0
499 839 1 0
635 840 1 0
509 841 1 0
377 842 1 1
677 843 1 0
409 844 1 0
223 845 1 0
340 846 1 0
832 847 1 0
390 848 1 1
768 849 1 0
532 850 1 0
771 851 1 0
661 852 1 0
534 853 1 1
567 854 1 1
545 855 1 1
139 856 1 0
98 857 1 0
728 858 1 0
508 859 1 1
203 860 1 1
416 861 1 1
571 862 1 1
659 863 1 0
749 864 1 1
198 865 1 1
584 866 1 1
47 867 1 1
578 868 1 0
338 869 1 0
825 870 1 0
211 871 1 0
758 872 1 0
617 873 1 0
843 874 1 1
23 875 1 0
547 876 1 1
279 877 1 0
16 878 1 1
227 879 1 0
430 880 1 0
298 881 1 1
649 882 1 1
776 883 1 0
811 884 1 0
128 885 1 1
190 886 1 1
218 887 1 0
606 888 1 0
514 889 1 0
389 890 1 1
811 891 1 1
21 892 1 0
17 893 1 0
608 894 1 0
513 895 1 1
556 896 1 0
83 897 1 1
566 898 1 0
376 899 1 1
120 900 1 1
14 901 1 1
202 902 1 0
219 903 1 1
895 904 1 0
626 905 1 0
705 906 1 1
716 907 1 1
131 908 1 0
508 909 1 1
691 910 1 0
850 911 1 1
232 912 1 0
92 913 1 0
657 914 1 1
592 915 1 0
396 916 1 1
459 917 1 0
744 918 1 0
622 919 1 1
856 920 1 0
824 921 1 1
354 922 1 1
477 923 1 0
284 924 1 1
815 925 1 0
229 926 1 1
462 927 1 1
843 928 1 0
794 929 1 1
593 930 1 1
893 931 1 1
811 932 1 0
431 933 1 0
255 934 1 1
583 935 1 1
654 936 1 1
622 937 1 0
284 938 1 1
750 939 1 1
549 940 1 1
868 941 1 0
260 942 1 1
307 943 1 1
263 944 1 0
217 945 1 1
242 946 1 1
235 947 1 0
285 948 1 0
352 949 1 0
612 950 1 1
227 951 1 0
217 952 1 0
152 953 1 0
422 954 1 0
752 955 1 0
797 956 1 1
765 957 1 0
860 958 1 0
30 959 1 1
76 960 1 0
48 961 1 0
497 962 1 0
420 963 1 1
87 964 1 1
210 965 1 0
693 966 1 1
582 967 1 1
407 968 1 1
36 969 1 0
702 970 1 0
869 971 1 0
880 972 1 0
333 973 1 1
364 974 1 0
712 975 1 1
886 976 1 1
583 977 1 0
115 978 1 1
285 979 1 0
665 980 1 1
439 981 1 1
283 982 1 1
381 983 1 0
31 984 1 0
72 985 1 1
715 986 1 0
26 987 1 1
971 988 1 0
54 989 1 1
621 990 1 1
229 991 1 0
869 992 1 1
173 993 1 0
201 994 1 0
793 995 1 1
281 996 1 1
849 997 1 0
297 998 1 1
780 999 1 1
1 1000 1 0
925 1001 1 1
660 1002 1 1
784 1003 1 0
742 1004 1 0
127 1005 1 0
30 1006 1 0
841 1007 1 0
407 1008 1 0
73 1009 1 0
618 1010 1 1
780 1011 1 1
809 1012 1 1
840 1013 1 0
50 1014 1 1
1012 1015 1 0
289 1016 1 0
335 1017 1 0
230 1018 1 1
600 1019 1 1
876 1020 1 0
284 1021 1 1
214 1022 1 0
330 1023 1 1
996 1024 1 0
405 1025 1 1
126 1026 1 0
403 1027 1 0
527 1028 1 1
294 1029 1 0
924 1030 1 0
560 1031 1 0
565 1032 1 1
767 1033 1 0
376 1034 1 0
777 1035 1 0
649 1036 1 0
1007 1037 1 1
309 1038 1 1
599 1039 1 1
520 1040 1 0
424 1041 1 0
1038 1042 1 0
966 1043 1 0
729 1044 1 0
983 1045 1 1
882 1046 1 0
410 1047 1 0
992 1048 1 0
224 1049 1 0
125 1050 1 1
43 1051 1 0
454 1052 1 0
670 1053 1 0
194 1054 1 0
354 1055 1 1
6 1056 1 1
959 1057 1 1
49 1058 1 0
423 1059 1 1
578 1060 1 1
989 1061 1 1
572 1062 1 1
1056 1063 1 1
982 1064 1 1
506 1065 1 1
489 1066 1 0
380 1067 1 1
874 1068 1 0
169 1069 1 0
486 1070 1 1
666 1071 1 0
32 1072 1 0
400 1073 1 1
87 1074 1 1
559 1075 1 0
37 1076 1 0
1017 1077 1 1
16 1078 1 1
490 1079 1 0
722 1080 1 1
434 1081 1 0
656 1082 1 1
47 1083 1 0
656 1084 1 0
320 1085 1 1
229 1086 1 0
1081 1087 1 0
344 1088 1 1
495 1089 1 1
492 1090 1 1
710 1091 1 0
680 1092 1 1
76 1093 1 0
734 1094 1 1
973 1095 1 1
559 1096 1 1
828 1097 1 0
512 1098 1 0
521 1099 1 1
119 1100 1 1
152 1101 1 1
1072 1102 1 0
545 1103 1 0
781 1104 1 0
194 1105 1 1
421 1106 1 0
1002 1107 1 1
400 1108 1 0
191 1109 1 0
1080 1110 1 0
1061 1111 1 0
675 1112 1 1
741 1113 1 0
247 1114 1 0
298 1115 1 0
810 1116 1 1
716 1117 1 0
281 1118 1 1
193 1119 1 1
1019 1120 1 0
213 1121 1 1
973 1122 1 0
458 1123 1 1
482 1124 1 1
694 1125 1 1
630 1126 1 1
963 1127 1 1
942 1128 1 0
975 1129 1 0
273 1130 1 1
9 1131 2 1
589 1132 1 1
328 1133 1 1
156 1134 1 0
558 1135 1 0
909 1136 1 0
408 1137 1 1
635 1138 1 0
607 1139 1 1
883 1140 1 1
754 1141 1 1
267 1142 1 0
269 1143 1 1
643 1144 1 0
625 1145 1 0
141 1146 1 0
661 1147 1 1
67 1148 1 0
973 1149 1 1
759 1150 1 1
365 1151 1 1
693 1152 1 1
471 1153 1 1
190 1154 1 1
931 1155 1 0
880 1156 1 1
895 1157 1 1
322 1158 1 0
602 1159 1 1
929 1160 1 1
100 1161 1 0
1107 1162 1 0
871 1163 1 0
48 1164 1 0
830 1165 1 1
916 1166 1 0
168 1167 1 0
845 1168 1 1
750 1169 1 0
9 1170 1 1
124 1171 1 0
1087 1172 1 1
947 1173 1 0
753 1174 1 1
1150 1175 1 0
960 1176 1 0
200 1177 1 0
570 1178 1 0
90 1179 1 0
698 1180 1 0
737 1181 1 1
1084 1182 1 0
354 1183 1 1
790 1184 1 0
647 1185 1 1
1099 1186 1 0
478 1187 1 1
400 1188 1 1
995 1189 1 1
1047 1190 1 0
1143 1191 1 1
758 1192 1 0
639 1193 1 1
1096 1194 1 0
802 1195 1 1
165 1196 1 1
1138 1197 1 0
483 1198 1 1
1116 1199 1 0
397 1200 1 1
358 1201 1 0
130 1202 1 1
1144 1203 1 0
42 1204 1 0
123 1205 1 1
1107 1206 1 1
225 1207 1 1
710 1208 1 1
521 1209 1 1
6 1210 1 1
1168 1211 1 0
779 1212 1 1
273 1213 1 1
112 1214 1 1
678 1215 1 1
66 1216 1 1
470 1217 1 0
676 1218 1 0
1166 1219 1 0
720 1220 1 0
622 1221 1 1
787 1222 1 0
79 1223 1 0
1043 1224 1 1
1128 1225 1 1
1187 1226 1 1
497 1227 1 1
967 1228 1 0
1177 1229 1 0
964 1230 1 0
1161 1231 1 0
417 1232 1 1
904 1233 1 1
351 1234 1 0
861 1235 1 1
545 1236 1 1
107 1237 1 1
455 1238 1 1
230 1239 1 1
502 1240 1 0
1132 1241 1 0
486 1242 1 0
472 1243 1 0
184 1244 1 0
739 1245 1 0
807 1246 1 1
205 1247 1 1
1046 1248 1 0
647 1249 1 1
1070 1250 1 0
522 1251 1 0
415 1252 1 0
565 1253 1 0
784 1254 1 0
604 1255 1 1
758 1256 1 1
1027 1257 1 1
843 1258 1 1
809 1259 1 0
963 1260 1 1
1013 1261 1 1
257 1262 1 0
564 1263 1 1
45 1264 1 1
500 1265 1 0
570 1266 1 0
1062 1267 1 0
617 1268 1 0
1170 1269 1 1
1060 1270 1 1
1052 1271 1 0
461 1272 1 1
159 1273 1 0
101 1274 1 1
672 1275 1 0
489 1276 1 0
1108 1277 1 1
545 1278 1 1
1134 1279 1 1
599 1280 1 0
1073 1281 1 0
541 1282 1 1
929 1283 1 1
520 1284 1 1
423 1285 1 0
1004 1286 1 1
634 1287 1 1
240 1288 1 1
69 1289 1 0
355 1290 1 0
79 1291 1 1
311 1292 1 0
377 1293 1 1
45 1294 1 1
872 1295 1 1
1007 1296 1 1
1266 1297 1 1
357 1298 1 0
1146 1299 1 1
63 1300 1 0
380 1301 1 0
651 1302 1 1
927 1303 1 0
360 1304 1 0
512 1305 1 1
1276 1306 1 0
727 1307 1 1
560 1308 1 0
1226 1309 1 0
1016 1310 1 0
570 1311 1 0
1085 1312 1 1
981 1313 1 0
1196 1314 1 0
544 1315 1 0
396 1316 1 1
1126 1317 1 1
695 1318 1 0
675 1319 1 0
512 1320 1 0
555 1321 1 0
105 1322 1 0
1127 1323 1 1
660 1324 1 1
992 1325 1 0
1177 1326 1 0
719 1327 1 0
722 1328 1 1
1184 1329 1 0
126 1330 1 0
231 1331 1 1
60 1332 1 0
1031 1333 1 1
343 1334 1 0
1190 1335 1 0
511 1336 1 0
1028 1337 1 1
1286 1338 1 0
627 1339 1 1
824 1340 1 0
210 1341 1 1
287 1342 1 0
235 1343 1 0
193 1344 1 0
20 1345 1 0
958 1346 1 1
1016 1347 1 0
1120 1348 1 1
316 1349 1 1
1114 1350 1 0
898 1351 1 1
1224 1352 1 0
3 1353 1 0
172 1354 1 0
304 1355 1 1
1147 1356 1 1
1011 1357 1 1
939 1358 1 0
635 1359 1 0
325 1360 1 0
822 1361 1 1
811 1362 1 0
400 1363 1 1
807 1364 1 1
308 1365 1 1
90 1366 1 0
1296 1367 1 1
512 1368 1 0
466 1369 1 0
1272 1370 1 1
1239 1371 1 0
364 1372 1 1
101 1373 1 0
493 1374 1 0
1117 1375 1 1
1220 1376 1 0
368 1377 1 0
1097 1378 1 1
162 1379 1 1
343 1380 1 0
743 1381 1 0
1238 1382 1 0
448 1383 1 1
157 1384 1 0
423 1385 1 1
446 1386 1 1
577 1387 1 0
1163 1388 1 0
49 1389 1 0
1188 1390 1 0
1242 1391 1 0
1267 1392 1 0
1226 1393 1 1
916 1394 1 0
1292 1395 1 1
117 1396 1 0
89 1397 1 0
507 1398 1 1
1384 1399 1 0
935 1400 1 1
62 1401 1 1
354 1402 1 0
1027 1403 1 1
591 1404 1 1
238 1405 1 0
905 1406 1 1
1109 1407 1 1
1184 1408 1 1
1000 1409 1 0
334 1410 1 1
401 1411 1 1
1273 1412 1 0
1045 1413 1 0
952 1414 1 1
371 1415 1 1
667 1416 1 1
1117 1417 1 1
979 1418 1 1
1213 1419 1 0
627 1420 1 0
1327 1421 1 1
1229 1422 1 0
641 1423 1 0
966 1424 1 1
1341 1425 1 1
922 1426 1 1
28 1427 1 1
36 1428 1 0
30 1429 1 0
327 1430 1 0
805 1431 1 0
365 1432 1 0
842 1433 1 1
500 1434 1 1
731 1435 1 1
1012 1436 1 1
881 1437 1 0
26 1438 1 0
1062 1439 1 0
1076 1440 1 0
1404 1441 1 0
1009 1442 1 0
145 1443 1 1
822 1444 1 1
49 1445 1 0
952 1446 1 1
759 1447 1 0
1017 1448 1 0
943 1449 1 0
1176 1450 1 1
755 1451 1 1
1103 1452 1 1
266 1453 1 1
1118 1454 1 1
1424 1455 1 0
52 1456 1 1
227 1457 1 1
534 1458 1 0
832 1459 1 0
184 1460 1 1
1132 1461 1 0
1182 1462 1 1
9 1463 1 1
299 1464 1 0
185 1465 1 1
728 1466 1 0
109 1467 1 0
1420 1468 1 0
834 1469 1 0
1012 1470 1 0
937 1471 1 0
1111 1472 1 0
1291 1473 1 1
1083 1474 1 1
311 1475 1 1
531 1476 1 0
397 1477 1 0
1230 1478 1 0
959 1479 1 1
1012 1480 1 0
1248 1481 1 1
195 1482 1 1
1419 1483 1 0
246 1484 1 0
288 1485 1 0
926 1486 1 0
1188 1487 1 0
714 1488 1 0
500 1489 1 0
218 1490 1 1
506 1491 1 0
278 1492 1 1
910 1493 1 0
635 1494 1 1
847 1495 1 1
805 1496 1 0
944 1497 1 1
1092 1498 1 0
1298 1499 1 0
1442 1500 1 0
22 1501 1 1
665 1502 1 1
700 1503 1 0
282 1504 1 0
759 1505 1 1
1483 1506 1 1
1294 1507 1 0
1335 1508 1 0
318 1509 1 0
249 1510 1 1
901 1511 1 0
1400 1512 1 0
1460 1513 1 0
444 1514 1 1
823 1515 1 0
1312 1516 1 0
264 1517 1 1
490 1518 1 1
149 1519 1 1
1255 1520 1 1
1099 1521 1 0
347 1522 1 0
1103 1523 1 0
149 1524 1 1
886 1525 1 0
177 1526 1 0
412 1527 1 1
1496 1528 1 0
94 1529 1 1
687 1530 1 1
1337 1531 1 0
376 1532 1 0
1332 1533 1 1
317 1534 1 0
282 1535 1 1
1437 1536 1 0
747 1537 1 0
488 1538 1 1
1004 1539 1 1
105 1540 1 0
1501 1541 1 0
1076 1542 1 0
1511 1543 1 0
1448 1544 1 1
1423 1545 1 0
583 1546 1 0
656 1547 1 0
741 1548 1 1
524 1549 1 0
36 1550 1 1
1434 1551 1 0
1545 1552 1 1
191 1553 1 1
199 1554 1 1
1235 1555 1 1
1395 1556 1 0
287 1557 1 0
671 1558 1 1
885 1559 1 1
1540 1560 1 0
1264 1561 1 1
1530 1562 1 1
66 1563 1 0
1181 1564 1 0
655 1565 1 1
38 1566 1 0
635 1567 1 1
642 1568 1 0
407 1569 1 0
740 1570 1 0
98 1571 1 1
776 1572 1 0
1092 1573 1 1
899 1574 1 1
1387 1575 1 0
934 1576 1 0
895 1577 1 1
995 1578 1 0
1269 1579 1 0
168 1580 1 0
346 1581 1 1
17 1582 1 1
610 1583 1 0
147 1584 1 1
427 1585 1 0
910 1586 1 1
1116 1587 1 1
1338 1588 1 1
1112 1589 1 1
286 1590 1 0
904 1591 1 1
1267 1592 1 0
378 1593 1 1
1067 1594 1 0
1073 1595 1 0
1033 1596 1 1
1265 1597 1 0
925 1598 1 1
695 1599 1 0
980 1600 1 1
473 1601 1 1
1490 1602 1 0
1308 1603 1 1
1152 1604 1 1
1129 1605 1 1
915 1606 1 1
39 1607 1 1
36 1608 1 1
1339 1609 1 1
1187 1610 1 1
128 1611 1 1
662 1612 1 1
122 1613 1 1
1301 1614 1 1
966 1615 1 1
3 1616 1 0
1320 1617 1 0
1536 1618 1 1
839 1619 1 0
437 1620 1 1
260 1621 1 1
1144 1622 1 0
547 1623 1 0
1086 1624 1 0
595 1625 1 0
567 1626 1 1
1011 1627 1 1
515 1628 1 1
643 1629 1 0
1582 1630 1 1
875 1631 1 0
942 1632 1 0
1447 1633 1 0
1400 1634 1 0
125 1635 1 0
980 1636 1 1
1393 1637 1 0
837 1638 1 0
442 1639 1 1
1601 1640 1 0
1287 1641 1 1
766 1642 1 1
174 1643 1 1
1541 1644 1 1
487 1645 1 1
1500 1646 1 0
9 1647 1 0
303 1648 1 1
729 1649 1 1
856 1650 1 0
1023 1651 1 1
753 1652 1 1
164 1653 1 1
1139 1654 1 1
832 1655 1 1
829 1656 1 0
1144 1657 1 1
950 1658 1 1
1099 1659 1 1
916 1660 1 0
911 1661 1 1
1077 1662 1 0
1040 1663 1 0
842 1664 1 1
494 1665 1 0
957 1666 1 0
1104 1667 1 1
1130 1668 1 0
1339 1669 1 1
378 1670 1 1
1194 1671 1 0
253 1672 1 1
659 1673 1 1
671 1674 1 1
1332 1675 1 0
531 1676 1 1
591 1677 1 1
158 1678 1 0
1151 1679 1 1
480 1680 1 1
154 1681 1 1
665 1682 1 0
369 1683 1 0
1298 1684 1 0
1110 1685 1 1
252 1686 1 0
1038 1687 1 0
1182 1688 1 1
964 1689 1 1
380 1690 1 0
1079 1691 1 0
1660 1692 1 0
391 1693 1 0
443 1694 1 0
1317 1695 1 0
1321 1696 1 0
644 1697 1 1
292 1698 1 0
623 1699 1 1
837 1700 1 0
1206 1701 1 0
1302 1702 1 1
414 1703 1 1
6 1704 1 0
1128 1705 1 0
1252 1706 1 0
1682 1707 1 0
657 1708 1 1
1613 1709 1 1
216 1710 1 0
1473 1711 1 0
699 1712 1 1
1062 1713 1 0
1402 1714 1 1
1586 1715 1 1
673 1716 1 1
957 1717 1 1
1042 1718 1 1
1673 1719 1 0
262 1720 1 0
542 1721 1 1
915 1722 1 0
1351 1723 1 1
807 1724 1 0
1279 1725 1 1
1033 1726 1 0
1120 1727 1 0
1354 1728 1 0
682 1729 1 1
872 1730 1 1
892 1731 1 1
1607 1732 1 1
593 1733 1 0
1240 1734 1 0
342 1735 1 0
717 1736 1 1
706 1737 1 1
1260 1738 1 0
260 1739 1 1
1039 1740 1 1
1407 1741 1 0
405 1742 1 0
758 1743 1 1
1466 1744 1 0
1244 1745 1 1
713 1746 1 1
1463 1747 1 1
1086 1748 1 1
1266 1749 1 1
633 1750 1 0
1115 1751 1 1
1739 1752 1 0
819 1753 1 0
958 1754 1 0
1461 1755 1 0
1677 1756 1 1
763 1757 1 0
408 1758 1 1
34 1759 1 1
182 1760 1 1
433 1761 1 0
1621 1762 1 1
787 1763 1 0
40 1764 1 1
31 1765 1 0
1372 1766 1 0
91 1767 1 1
925 1768 1 1
751 1769 1 1
567 1770 1 1
1137 1771 1 0
1383 1772 1 1
273 1773 1 1
960 1774 1 1
110 1775 1 1
1655 1776 1 0
459 1777 1 0
173 1778 1 0
176 1779 1 0
1693 1780 1 1
1226 1781 1 0
1684 1782 1 1
1332 1783 1 1
86 1784 1 0
1560 1785 1 0
1654 1786 1 0
1542 1787 1 0
1324 1788 1 1
1152 1789 1 0
28 1790 1 0
1486 1791 1 0
121 1792 1 0
1141 1793 1 0
854 1794 1 1
468 1795 1 0
799 1796 1 1
952 1797 1 0
817 1798 1 1
1716 1799 1 0
908 1800 1 0
493 1801 1 0
1404 1802 1 0
621 1803 1 1
1398 1804 1 0
1286 1805 1 1
1090 1806 1 1
815 1807 1 1
333 1808 1 1
549 1809 1 0
1590 1810 1 1
194 1811 1 1
70 1812 1 1
1799 1813 1 1
1807 1814 1 0
1158 1815 1 1
1258 1816 1 1
874 1817 1 1
676 1818 1 1
1708 1819 1 1
1288 1820 1 0
1245 1821 1 0
1550 1822 1 0
242 1823 1 1
1507 1824 1 0
1147 1825 1 1
240 1826 1 1
1369 1827 1 1
41 1828 1 0
1093 1829 1 0
917 1830 1 0
240 1831 1 0
520 1832 1 1
767 1833 1 0
219 1834 1 1
1576 1835 1 0
41 1836 1 1
752 1837 1 0
299 1838 1 0
496 1839 1 0
1270 1840 1 1
1439 1841 1 1
1493 1842 1 1
1762 1843 1 0
1344 1844 1 1
462 1845 1 0
741 1846 1 1
1110 1847 1 1
1530 1848 1 1
1766 1849 1 1
270 1850 1 0
582 1851 1 1
484 1852 1 0
787 1853 1 0
765 1854 1 1
306 1855 1 1
278 1856 1 1
1796 1857 1 1
75 1858 1 0
261 1859 1 1
862 1860 1 1
840 1861 1 0
1709 1862 1 1
577 1863 1 1
1007 1864 1 1
1128 1865 1 1
422 1866 1 1
1220 1867 1 0
738 1868 1 0
235 1869 1 1
1843 1870 1 0
46 1871 1 1
77 1872 1 1
95 1873 1 0
938 1874 1 0
1182 1875 1 1
102 1876 1 0
1758 1877 1 0
985 1878 1 0
134 1879 1 0
1148 1880 1 0
235 1881 1 1
1451 1882 1 1
466 1883 1 1
104 1884 1 0
1228 1885 1 1
944 1886 1 1
1215 1887 1 1
714 1888 1 1
1011 1889 1 1
1240 1890 1 1
998 1891 1 0
511 1892 1 0
1296 1893 1 1
334 1894 1 0
368 1895 1 1
325 1896 1 0
1880 1897 1 0
153 1898 1 1
1616 1899 1 1
223 1900 1 0
1144 1901 1 1
1240 1902 1 0
927 1903 1 1
944 1904 1 0
1871 1905 1 1
790 1906 1 1
884 1907 1 1
1560 1908 1 1
1724 1909 1 0
693 1910 1 1
1473 1911 1 0
1580 1912 1 1
1267 1913 1 1
403 1914 1 0
1382 1915 1 0
877 1916 1 1
1466 1917 1 0
1046 1918 1 1
296 1919 1 1
45 1920 1 0
1661 1921 1 1
1673 1922 1 1
1892 1923 1 0
1189 1924 1 1
1084 1925 1 0
649 1926 1 1
98 1927 1 1
1586 1928 1 1
1700 1929 1 0
1924 1930 1 1
557 1931 1 0
393 1932 1 0
845 1933 1 1
1067 1934 1 0
1264 1935 1 1
136 1936 1 0
1665 1937 1 0
144 1938 1 1
799 1939 1 0
1330 1940 1 0
589 1941 1 1
1423 1942 1 1
1530 1943 1 0
1210 1944 1 1
1308 1945 1 0
1249 1946 1 0
332 1947 1 0
272 1948 1 0
1152 1949 1 1
1325 1950 1 0
879 1951 1 1
751 1952 1 1
1065 1953 1 0
199 1954 1 0
38 1955 1 0
1682 1956 1 1
340 1957 1 0
1589 1958 1 0
1438 1959 1 0
1400 1960 1 0
86 1961 1 1
292 1962 1 0
131 1963 1 0
1720 1964 1 0
650 1965 1 0
1791 1966 1 1
1473 1967 1 0
943 1968 1 0
1931 1969 1 0
1290 1970 1 1
1275 1971 1 0
1659 1972 1 1
1895 1973 1 1
226 1974 1 1
1377 1975 1 1
1123 1976 1 0
1622 1977 1 0
815 1978 1 0
419 1979 1 0
1735 1980 1 0
1608 1981 1 0
1030 1982 1 0
288 1983 1 1
97 1984 1 0
119 1985 1 0
1526 1986 1 1
1604 1987 1 0
856 1988 1 0
220 1989 1 0
1424 1990 1 0
1554 1991 1 0
1124 1992 1 1
877 1993 1 1
389 1994 1 0
1261 1995 1 0
1054 1996 1 1
1909 1997 1 0
621 1998 1 1
437 1999 1 1
1500 2000 1 0
1270 2001 1 0
674 2002 1 1
209 2003 1 1
1105 2004 1 0
1898 2005 1 0
1287 2006 1 1
934 2007 1 0
1376 2008 1 1
443 2009 1 0
808 2010 1 0
1186 2011 1 1
1869 2012 1 1
1950 2013 1 1
622 2014 1 0
1242 2015 1 0
293 2016 1 0
195 2017 1 0
712 2018 1 1
1129 2019 1 0
987 2020 1 1
851 2021 1 0
741 2022 1 0
1174 2023 1 1
888 2024 1 0
1721 2025 1 1
1652 2026 1 1
1492 2027 1 0
809 2028 1 1
158 2029 1 1
716 2030 1 0
406 2031 1 1
1347 2032 1 0
1460 2033 1 1
1779 2034 1 0
1471 2035 1 1
1057 2036 1 1
1489 2037 1 1
1768 2038 1 0
197 2039 1 1
318 2040 1 1
1979 2041 1 1
22 2042 1 1
620 2043 1 0
338 2044 1 0
1155 2045 1 1
1399 2046 1 0
778 2047 1 1
2043 2048 1 0
1789 2049 1 0
1049 2050 1 1
1567 2051 1 0
1011 2052 1 1
2024 2053 1 1
1085 2054 1 0
409 2055 1 0
208 2056 1 0
1163 2057 1 0
418 2058 1 1
1584 2059 1 1
1559 2060 1 1
1830 2061 1 0
1385 2062 1 1
401 2063 1 1
105 2064 1 0
1895 2065 1 0
1082 2066 1 0
1228 2067 1 0
378 2068 1 1
289 2069 1 0
843 2070 1 1
209 2071 1 0
68 2072 1 1
548 2073 1 1
1070 2074 1 0
506 2075 1 0
1775 2076 1 0
397 2077 1 1
1396 2078 1 1
858 2079 1 0
1664 2080 1 1
492 2081 1 0
1191 2082 1 1
585 2083 1 0
479 2084 1 0
1453 2085 1 1
723 2086 1 1
813 2087 1 1
1688 2088 1 0
285 2089 1 1
86 2090 1 0
480 2091 1 0
514 2092 1 0
1466 2093 1 0
1709 2094 1 1
1887 2095 1 1
437 2096 1 1
1825 2097 1 1
5 2098 1 1
434 2099 1 0
1533 2100 1 0
1663 2101 1 1
1285 2102 1 1
1831 2103 1 1
1628 2104 1 1
505 2105 1 1
145 2106 1 1
605 2107 1 0
716 2108 1 0
1167 2109 1 0
821 2110 1 1
1043 2111 1 0
1022 2112 1 0
1422 2113 1 0
1171 2114 1 1
1874 2115 1 0
2100 2116 1 0
46 2117 1 1
157 2118 1 1
688 2119 1 0
810 2120 1 0
464 2121 1 0
677 2122 1 1
1962 2123 1 0
1689 2124 1 1
1579 2125 1 0
119 2126 1 1
2061 2127 1 1
1883 2128 1 1
1537 2129 1 1
196 2130 1 0
405 2131 1 1
919 2132 1 0
1007 2133 1 1
222 2134 1 1
1347 2135 1 0
1426 2136 1 0
325 2137 1 1
1394 2138 1 0
1898 2139 1 0
834 2140 1 0
1423 2141 1 0
451 2142 1 0
1138 2143 1 0
421 2144 1 0
2127 2145 1 0
1533 2146 1 1
23 2147 1 1
232 2148 1 1
1785 2149 1 0
558 2150 1 0
495 2151 1 0
1302 2152 1 0
955 2153 1 1
1288 2154 1 1
236 2155 1 1
1475 2156 1 0
1203 2157 1 1
880 2158 1 1
416 2159 1 0
148 2160 1 1
1468 2161 1 1
1747 2162 1 1
1368 2163 1 1
265 2164 1 1
1337 2165 1 1
1231 2166 1 0
1863 2167 1 1
1754 2168 1 0
1840 2169 1 0
392 2170 1 1
1042 2171 1 0
191 2172 1 0
737 2173 1 1
2080 2174 1 1
1700 2175 1 1
1978 2176 1 0
1376 2177 1 1
623 2178 1 1
1493 2179 1 1
1488 2180 1 0
1511 2181 1 1
1379 2182 1 1
624 2183 1 1
425 2184 1 1
1787 2185 1 0
1127 2186 1 0
1756 2187 1 0
238 2188 1 0
777 2189 1 0
858 2190 1 0
1387 2191 1 1
1144 2192 1 0
1784 2193 1 0
1176 2194 1 1
41 2195 1 1
31 2196 1 0
2130 2197 1 1
1640 2198 1 0
365 2199 1 0
783 2200 1 0
911 2201 1 0
1255 2202 1 0
463 2203 1 1
103 2204 1 1
804 2205 1 1
237 2206 1 0
1191 2207 1 0
777 2208 1 1
1377 2209 1 0
1912 2210 1 0
355 2211 1 0
554 2212 1 0
1042 2213 1 0
1151 2214 1 1
281 2215 1 0
369 2216 1 1
1731 2217 1 0
239 2218 1 1
295 2219 1 0
809 2220 1 0
589 2221 1 0
1870 2222 1 1
327 2223 1 0
56 2224 1 1
566 2225 1 1
1209 2226 1 0
17 2227 1 1
1019 2228 1 1
267 2229 1 1
1982 2230 1 1
1773 2231 1 0
823 2232 1 0
1102 2233 1 0
1456 2234 1 1
806 2235 1 0
1515 2236 1 0
2026 2237 1 1
1860 2238 1 1
607 2239 1 1
1199 2240 1 1
814 2241 1 0
537 2242 1 1
877 2243 1 1
1233 2244 1 0
801 2245 1 1
452 2246 1 1
1271 2247 1 0
307 2248 1 1
591 2249 1 1
540 2250 1 0
645 2251 1 0
1479 2252 1 1
386 2253 1 0
515 2254 1 1
1280 2255 1 1
1908 2256 1 0
948 2257 1 1
435 2258 1 0
721 2259 1 0
1344 2260 1 1
1278 2261 1 0
2182 2262 1 0
507 2263 1 0
305 2264 1 1
278 2265 1 0
499 2266 1 1
886 2267 1 1
732 2268 1 0
2261 2269 1 1
283 2270 1 1
710 2271 1 1
458 2272 1 1
285 2273 1 0
1416 2274 1 0
1457 2275 1 0
1720 2276 1 0
1815 2277 1 0
1361 2278 1 1
1455 2279 1 0
2040 2280 1 1
1841 2281 1 1
2270 2282 1 1
785 2283 1 0
814 2284 1 1
1584 2285 1 1
1577 2286 1 1
540 2287 1 1
1171 2288 1 0
544 2289 1 1
261 2290 1 1
1828 2291 1 0
1501 2292 1 0
95 2293 1 1
1035 2294 1 1
191 2295 1 1
1549 2296 1 1
629 2297 1 1
761 2298 1 0
931 2299 1 1
2141 2300 1 1
1460 2301 1 1
71 2302 1 0
533 2303 1 0
122 2304 1 0
1244 2305 1 0
925 2306 1 1
604 2307 1 1
195 2308 1 1
1904 2309 1 0
442 2310 1 1
1178 2311 1 1
1611 2312 1 1
1305 2313 1 1
1385 2314 1 0
2078 2315 1 1
2076 2316 1 0
772 2317 1 1
1584 2318 1 0
1369 2319 1 1
1724 2320 1 0
1832 2321 1 1
438 2322 1 1
475 2323 1 0
1989 2324 1 0
436 2325 1 1
1886 2326 1 1
1205 2327 1 1
1811 2328 1 1
324 2329 1 0
1192 2330 1 1
2309 2331 1 0
2229 2332 1 1
2154 2333 1 1
1808 2334 1 1
685 2335 1 0
281 2336 1 0
360 2337 1 0
754 2338 1 0
1517 2339 1 1
124 2340 1 0
1509 2341 1 1
308 2342 1 0
925 2343 1 1
2016 2344 1 1
1203 2345 1 1
1464 2346 1 0
651 2347 1 1
51 2348 1 1
585 2349 1 0
109 2350 1 1
321 2351 1 0
2087 2352 1 0
367 2353 1 0
2219 2354 1 0
1954 2355 1 0
6 2356 1 0
648 2357 1 1
96 2358 1 0
1627 2359 1 0
1494 2360 1 1
462 2361 1 0
1941 2362 1 0
1181 2363 1 0
568 2364 1 0
2081 2365 1 1
773 2366 1 1
1865 2367 1 0
537 2368 1 0
709 2369 1 1
956 2370 1 1
1950 2371 1 0
1608 2372 1 1
1827 2373 1 0
249 2374 1 0
1918 2375 1 0
477 2376 1 0
1927 2377 1 0
729 2378 1 0
2172 2379 1 0
2123 2380 1 0
162 2381 1 0
310 2382 1 0
1802 2383 1 1
946 2384 1 1
414 2385 1 1
751 2386 1 1
2177 2387 1 0
807 2388 1 0
1290 2389 1 0
2272 2390 1 0
1661 2391 1 1
454 2392 1 1
751 2393 1 0
966 2394 1 1
1142 2395 1 0
1934 2396 1 1
2090 2397 1 0
2031 2398 1 1
611 2399 1 0
1260 2400 1 0
2397 2401 1 0
2340 2402 1 1
285 2403 1 1
1194 2404 1 0
2227 2405 1 1
2212 2406 1 1
381 2407 1 0
2396 2408 1 0
680 2409 1 1
2065 2410 1 0
1427 2411 1 0
1421 2412 1 0
623 2413 1 0
1467 2414 1 1
761 2415 1 0
143 2416 1 0
1238 2417 1 0
1670 2418 1 0
929 2419 1 1
2078 2420 1 1
1388 2421 1 0
2200 2422 1 1
1389 2423 1 1
1901 2424 1 0
2414 2425 1 1
1293 2426 1 1
2105 2427 1 1
1739 2428 1 0
2190 2429 1 1
311 2430 1 1
549 2431 1 0
271 2432 1 1
99 2433 1 1
2391 2434 1 0
1902 2435 1 0
1330 2436 1 1
1162 2437 1 1
530 2438 1 0
1578 2439 1 0
1960 2440 1 1
1799 2441 1 1
534 2442 1 0
1939 2443 1 0
1919 2444 1 0
1311 2445 1 1
2311 2446 1 0
896 2447 1 0
2028 2448 1 0
548 2449 1 0
893 2450 1 1
78 2451 1 0
654 2452 1 0
1128 2453 1 0
368 2454 1 0
1042 2455 1 1
170 2456 1 1
1696 2457 1 1
2272 2458 1 1
181 2459 1 1
425 2460 1 1
771 2461 1 0
1356 2462 1 1
990 2463 1 1
344 2464 1 1
1266 2465 1 1
633 2466 1 1
1926 2467 1 0
149 2468 1 0
1197 2469 1 0
2441 2470 1 1
1418 2471 1 1
2034 2472 1 0
854 2473 1 0
2358 2474 1 1
610 2475 1 1
2269 2476 1 1
2119 2477 1 1
575 2478 1 1
676 2479 1 0
117 2480 1 0
1167 2481 1 1
490 2482 1 0
1712 2483 1 1
1444 2484 1 0
646 2485 1 0
1114 2486 1 0
2432 2487 1 0
1950 2488 1 1
261 2489 1 0
102 2490 1 0
1233 2491 1 1
1957 2492 1 1
2075 2493 1 1
1294 2494 1 1
1111 2495 1 0
293 2496 1 1
260 2497 1 1
1540 2498 1 0
2418 2499 1 1
2074 2500 1 1
2152 2501 1 0
4 2502 1 0
707 2503 1 1
983 2504 1 1
1884 2505 1 0
1518 2506 1 0
2334 2507 1 0
261 2508 1 1
674 2509 1 0
1044 2510 1 0
2350 2511 1 0
673 2512 1 1
790 2513 1 0
1732 2514 1 1
2176 2515 1 1
1523 2516 1 1
110 2517 1 0
102 2518 1 1
2182 2519 1 1
133 2520 1 0
1923 2521 1 0
1201 2522 1 0
2415 2523 1 1
551 2524 1 1
2414 2525 1 1
1365 2526 1 1
1260 2527 1 0
567 2528 1 0
1607 2529 1 0
142 2530 1 0
690 2531 1 1
1399 2532 1 1
750 2533 1 0
832 2534 1 0
1139 2535 1 0
524 2536 1 0
85 2537 1 0
2194 2538 1 1
2495 2539 1 0
2081 2540 1 1
699 2541 1 0
1334 2542 1 1
2329 2543 1 0
233 2544 1 0
1992 2545 1 0
1280 2546 1 1
548 2547 1 0
1931 2548 1 0
1128 2549 1 0
66 2550 1 0
710 2551 1 1
258 2552 1 0
2269 2553 1 1
2001 2554 1 1
110 2555 1 1
917 2556 1 0
1861 2557 1 0
1549 2558 1 1
1597 2559 1 1
2533 2560 1 0
284 2561 1 0
2292 2562 1 1
1949 2563 1 1
841 2564 1 0
2403 2565 1 1
544 2566 1 0
1264 2567 1 1
2437 2568 1 1
2098 2569 1 1
808 2570 1 0
1227 2571 1 0
1988 2572 1 0
1229 2573 1 0
588 2574 1 0
395 2575 1 1
2373 2576 1 0
1941 2577 1 0
1303 2578 1 1
1346 2579 1 1
1872 2580 1 0
1472 2581 1 1
404 2582 1 1
1587 2583 1 0
1831 2584 1 1
395 2585 1 0
426 2586 1 1
23 2587 1 1
454 2588 1 0
983 2589 1 0
940 2590 1 1
2078 2591 1 1
834 2592 1 0
1270 2593 1 0
361 2594 1 0
848 2595 1 1
279 2596 1 1
2491 2597 1 0
2005 2598 1 0
2227 2599 1 0
21 2600 1 1
568 2601 1 1
2118 2602 1 0
503 2603 1 0
1285 2604 1 1
996 2605 1 0
2114 2606 1 0
2042 2607 1 1
645 2608 1 0
657 2609 1 0
608 2610 1 1
18 2611 1 0
219 2612 1 1
432 2613 1 0
2444 2614 1 1
291 2615 1 1
174 2616 1 1
2571 2617 1 1
1069 2618 1 1
204 2619 1 0
314 2620 1 1
229 2621 1 0
756 2622 1 1
713 2623 1 1
1681 2624 1 1
874 2625 1 0
2577 2626 1 1
2603 2627 1 0
1424 2628 1 1
793 2629 1 0
978 2630 1 1
2084 2631 1 0
2482 2632 1 1
1521 2633 1 0
2290 2634 1 1
1328 2635 1 0
2388 2636 1 1
752 2637 1 1
2382 2638 1 1
964 2639 1 1
108 2640 1 1
1489 2641 1 1
1264 2642 1 1
1091 2643 1 1
952 2644 1 0
2025 2645 1 0
2606 2646 1 1
1796 2647 1 0
611 2648 1 1
2140 2649 1 0
879 2650 1 1
1893 2651 1 1
2640 2652 1 0
2595 2653 1 0
1513 2654 1 0
1037 2655 1 0
549 2656 1 0
147 2657 1 1
1175 2658 1 0
2566 2659 1 1
1701 2660 1 0
1560 2661 1 0
1621 2662 1 0
2373 2663 1 1
1498 2664 1 0
204 2665 1 0
90 2666 1 1
56 2667 1 0
188 2668 1 1
1615 2669 1 1
59 2670 1 0
802 2671 1 0
110 2672 1 1
92 2673 1 0
744 2674 1 0
1376 2675 1 0
1048 2676 1 0
1168 2677 1 0
627 2678 1 0
1660 2679 1 0
23 2680 1 1
2647 2681 1 0
1660 2682 1 0
1016 2683 1 1
221 2684 1 1
1505 2685 1 0
2295 2686 1 0
2189 2687 1 1
1390 2688 1 0
72 2689 1 1
2241 2690 1 0
1710 2691 1 0
1077 2692 1 1
259 2693 1 0
1705 2694 1 1
1626 2695 1 1
2387 2696 1 1
1949 2697 1 0
2187 2698 1 0
2500 2699 1 0
58 2700 1 0
1404 2701 1 1
1477 2702 1 0
1042 2703 1 0
1579 2704 1 1
883 2705 1 0
1703 2706 1 1
178 2707 1 0
2627 2708 1 0
1268 2709 1 0
1232 2710 1 0
2638 2711 1 1
2263 2712 1 1
2628 2713 1 1
704 2714 1 0
1141 2715 1 0
2210 2716 1 1
2168 2717 1 0
591 2718 1 1
1131 2719 1 1
1721 2720 1 0
77 2721 1 0
2067 2722 1 1
2289 2723 1 1
821 2724 1 1
1531 2725 1 1
1700 2726 1 0
213 2727 1 1
1930 2728 1 1
2608 2729 1 0
923 2730 1 0
2169 2731 1 1
1788 2732 1 0
2732 2733 1 1
1885 2734 1 1
1183 2735 1 1
1455 2736 1 0
1149 2737 1 0
958 2738 1 1
2075 2739 1 0
1757 2740 1 0
2115 2741 1 1
2460 2742 1 0
885 2743 1 1
562 2744 1 1
1121 2745 1 1
1992 2746 1 1
1859 2747 1 0
171 2748 1 0
23 2749 1 0
918 2750 1 1
363 2751 1 0
1744 2752 1 0
329 2753 1 0
1550 2754 1 1
860 2755 1 0
1148 2756 1 0
710 2757 1 0
2448 2758 1 1
699 2759 1 0
1331 2760 1 1
1817 2761 1 1
182 2762 1 0
210 2763 1 1
1060 2764 1 1
2619 2765 1 0
1595 2766 1 1
2601 2767 1 1
1966 2768 1 1
2021 2769 1 1
2317 2770 1 0
2704 2771 1 0
2646 2772 1 0
2099 2773 1 1
1899 2774 1 1
2139 2775 1 1
1094 2776 1 1
2097 2777 1 1
2474 2778 1 0
870 2779 1 1
2703 2780 1 1
1242 2781 1 1
102 2782 1 0
1016 2783 1 0
2185 2784 1 0
1055 2785 1 0
2096 2786 1 0
1476 2787 1 0
1963 2788 1 1
212 2789 1 1
2036 2790 1 0
2673 2791 1 0
1988 2792 1 0
2149 2793 1 0
2560 2794 1 1
1186 2795 1 0
2757 2796 1 0
2567 2797 1 1
2615 2798 1 1
1114 2799 1 0
1385 2800 1 0
947 2801 1 0
1683 2802 1 0
1018 2803 1 0
26 2804 1 1
341 2805 1 0
856 2806 1 1
728 2807 1 0
505 2808 1 1
808 2809 1 0
2504 2810 1 1
1744 2811 1 0
1490 2812 1 1
895 2813 1 1
1380 2814 1 0
1114 2815 1 0
2592 2816 1 0
2187 2817 1 1
1615 2818 1 1
1364 2819 1 1
198 2820 1 1
2297 2821 1 0
2 2822 1 1
437 2823 1 0
693 2824 1 0
394 2825 1 0
2191 2826 1 0
276 2827 1 1
1893 2828 1 1
2661 2829 1 0
1453 2830 1 0
716 2831 1 0
1225 2832 1 1
1228 2833 1 0
193 2834 1 1
1514 2835 1 0
2502 2836 1 0
2459 2837 1 0
2064 2838 1 0
857 2839 1 1
953 2840 1 0
705 2841 1 1
416 2842 1 1
2369 2843 1 1
2356 2844 1 0
1990 2845 1 0
1736 2846 1 1
2317 2847 1 0
2284 2848 1 0
300 2849 1 1
2395 2850 1 0
128 2851 1 0
180 2852 1 0
66 2853 1 0
1993 2854 1 0
1281 2855 1 0
170 2856 1 1
1778 2857 1 1
1461 2858 1 1
1487 2859 1 1
1192 2860 1 1
2401 2861 1 0
766 2862 1 0
2712 2863 1 1
1358 2864 1 1
45 2865 1 0
2752 2866 1 1
226 2867 1 0
1095 2868 1 1
1757 2869 1 0
865 2870 1 1
621 2871 1 1
263 2872 1 1
27 2873 1 1
814 2874 1 1
1050 2875 1 1
1371 2876 1 1
647 2877 1 1
1156 2878 1 1
2691 2879 1 0
1878 2880 1 1
2056 2881 1 0
1324 2882 1 0
616 2883 1 1
78 2884 1 0
2778 2885 1 1
2113 2886 1 0
1877 2887 1 0
695 2888 1 1
582 2889 1 0
1064 2890 1 0
1096 2891 1 1
1598 2892 1 0
2739 2893 1 1
456 2894 1 0
832 2895 1 0
2713 2896 1 1
1101 2897 1 0
2349 2898 1 1
2097 2899 1 0
2155 2900 1 1
442 2901 1 0
30 2902 1 1
2150 2903 1 0
1234 2904 1 0
1841 2905 1 1
357 2906 1 0
853 2907 1 1
2267 2908 1 0
2701 2909 1 0
2729 2910 1 1
2675 2911 1 0
2821 2912 1 0
52 2913 1 1
1302 2914 1 1
208 2915 1 0
802 2916 1 0
1810 2917 1 0
1106 2918 1 1
1092 2919 1 1
311 2920 1 0
2446 2921 1 1
869 2922 1 0
1083 2923 1 0
2027 2924 1 0
2658 2925 1 0
2813 2926 1 1
2383 2927 1 1
1325 2928 1 1
1438 2929 1 0
537 2930 1 1
2152 2931 1 0
694 2932 1 1
100 2933 1 0
1572 2934 1 1
2809 2935 1 1
434 2936 1 1
1831 2937 1 1
2046 2938 1 0
2139 2939 1 0
2645 2940 1 1
2662 2941 1 1
1781 2942 1 1
1289 2943 1 1
857 2944 1 0
1799 2945 1 0
2251 2946 1 1
2186 2947 1 1
836 2948 1 1
364 2949 1 0
2314 2950 1 1
1 2951 1 0
417 2952 1 1
2901 2953 1 0
1016 2954 1 1
2159 2955 1 0
808 2956 1 0
868 2957 1 0
2263 2958 1 0
1954 2959 1 0
2594 2960 1 1
786 2961 1 0
438 2962 1 1
513 2963 1 1
1522 2964 1 1
1893 2965 1 0
2548 2966 1 0
2945 2967 1 1
1939 2968 1 1
1115 2969 1 0
2868 2970 1 1
1481 2971 1 1
139 2972 1 1
2634 2973 1 0
1211 2974 1 1
2136 2975 1 1
2684 2976 1 1
2695 2977 1 1
1188 2978 1 0
47 2979 1 1
214 2980 1 0
2931 2981 1 0
1759 2982 1 1
2240 2983 1 1
1084 2984 1 1
1127 2985 1 1
1937 2986 1 0
1095 2987 1 1
1846 2988 1 0
2245 2989 1 0
429 2990 1 1
646 2991 1 0
569 2992 1 0
278 2993 1 0
2220 2994 1 1
2318 2995 1 0
1624 2996 1 1
1261 2997 1 1
1424 2998 1 1
1361 2999 1 1
2372 3000 1 0
