300
1 2
2 3
1 4
2 5
2 6
1 7
5 8
6 9
1 10
3 11
11 12
11 13
11 14
7 15
6 16
14 17
14 18
13 19
13 20
12 21
21 22
19 23
15 24
20 25
20 26
26 27
18 28
21 29
22 30
28 31
22 32
23 33
27 34
32 35
32 36
36 37
34 38
34 39
38 40
34 41
37 42
37 43
40 44
36 45
39 46
43 47
44 48
41 49
43 50
49 51
50 52
44 53
49 54
48 55
50 56
52 57
48 58
53 59
58 60
59 61
57 62
58 63
54 64
55 65
65 66
66 67
66 68
66 69
64 70
69 71
66 72
66 73
69 74
72 75
75 76
67 77
76 78
69 79
72 80
74 81
77 82
80 83
79 84
83 85
78 86
80 87
87 88
79 89
81 90
85 91
91 92
84 93
86 94
89 95
94 96
87 97
96 98
98 99
95 100
93 101
100 102
97 103
100 104
97 105
101 106
104 107
99 108
99 109
100 110
106 111
106 112
103 113
109 114
113 115
106 116
108 117
115 118
118 119
110 120
111 121
112 122
114 123
123 124
122 125
116 126
122 127
124 128
125 129
123 130
124 131
124 132
125 133
129 134
128 135
126 136
127 137
131 138
136 139
139 140
134 141
140 142
141 143
137 144
143 145
144 146
139 147
147 148
148 149
142 150
75 151
76 152
76 153
77 154
77 155
78 156
78 157
79 158
79 159
80 160
80 161
81 162
81 163
82 164
82 165
83 166
83 167
84 168
84 169
85 170
85 171
86 172
86 173
87 174
87 175
88 176
88 177
89 178
89 179
90 180
90 181
91 182
91 183
92 184
92 185
93 186
93 187
94 188
94 189
95 190
95 191
96 192
96 193
97 194
97 195
98 196
98 197
99 198
99 199
100 200
100 201
101 202
101 203
102 204
102 205
103 206
103 207
104 208
104 209
105 210
105 211
106 212
106 213
107 214
107 215
108 216
108 217
109 218
109 219
110 220
110 221
111 222
111 223
112 224
112 225
113 226
113 227
114 228
114 229
115 230
115 231
116 232
116 233
117 234
117 235
118 236
118 237
119 238
119 239
120 240
120 241
121 242
121 243
122 244
122 245
123 246
123 247
124 248
124 249
125 250
125 251
126 252
126 253
127 254
127 255
128 256
128 257
129 258
129 259
130 260
130 261
131 262
131 263
132 264
132 265
133 266
133 267
134 268
134 269
135 270
135 271
136 272
136 273
137 274
137 275
138 276
138 277
139 278
139 279
140 280
140 281
141 282
141 283
142 284
142 285
143 286
143 287
144 288
144 289
145 290
145 291
146 292
146 293
147 294
147 295
148 296
148 297
149 298
149 299
150 300
300
300 139
299 148
298 149
297 126
296 126
295 147
294 139
293 122
292 127
291 141
290 143
289 112
288 144
287 141
286 125
285 126
284 126
283 134
282 122
281 116
280 136
279 116
278 139
277 124
276 138
275 106
274 112
273 126
272 106
271 128
270 123
269 122
268 125
267 133
266 122
265 109
264 109
263 131
262 109
261 109
260 109
259 129
258 106
257 114
256 124
255 122
254 106
253 101
252 116
251 106
250 112
249 123
248 109
247 98
246 98
245 93
244 106
243 121
242 93
241 120
240 100
239 113
238 118
237 97
236 103
235 96
234 96
233 84
232 84
231 103
230 87
229 99
228 98
227 80
226 113
225 84
224 84
223 101
222 93
221 100
220 95
219 96
218 99
217 108
216 94
215 100
214 107
213 93
212 93
211 105
210 80
209 104
208 100
207 97
206 80
205 79
204 89
203 101
202 69
201 69
200 69
199 99
198 86
197 96
196 98
195 66
194 97
193 86
192 94
191 69
190 69
189 75
188 75
187 69
186 93
185 91
184 92
183 72
182 85
181 66
180 66
179 79
178 65
177 80
176 66
175 66
174 80
173 75
172 72
171 83
170 66
169 79
168 69
167 83
166 80
165 66
164 65
163 65
162 66
161 65
160 65
159 79
158 79
157 66
156 78
155 55
154 65
153 76
152 75
151 55
73 66
71 66
70 34
68 65
63 44
62 52
61 40
60 38
56 36
55 34
52 32
51 34
47 22
46 34
45 32
42 36
35 21
34 27
33 3
31 3
30 12
29 21
27 11
25 20
24 1
17 1
16 1
12 11
10 1
9 1
8 1
4 1
145 250
69 100
76 160
107 84
184 87
120 72
239 80
221 204
75 211
198 75
70 44
168 71
159 107
274 158
116 127
245 258
94 98
113 98
172 94
202 168
224 164
213 143
131 228
57 32
94 109
240 104
64 26
229 109
71 58
111 275
86 91
168 27
228 128
102 74
192 277
163 148
276 131
246 257
232 139
117 135
159 107
83 117
133 129
289 224
53 49
150 149
158 187
278 187
234 78
65 157
138 264
173 94
132 128
50 47
219 117
8 32
87 82
168 58
289 251
192 78
34 25
257 246
156 99
168 106
300 133
150 147
84 266
96 246
282 290
87 115
2 44
207 113
287 141
245 134
159 120
133 137
225 137
39 30
159 292
155 154
149 136
111 147
80 228
226 151
241 240
85 92
189 130
273 126
109 228
294 295
91 227
278 149
65 83
49 63
181 34
142 233
45 21
151 82
182 118
158 84
247 219
173 79
288 224
199 198
78 153
35 52
17 11
17 31
122 141
214 92
227 161
285 149
57 21
263 99
298 139
73 245
11 4
143 127
