2000
1720 887
855 683
1841 171
1209 1281
840 795
208 662
74 1016
1329 1289
1696 262
791 514
1740 418
710 1238
1403 1914
1843 196
1554 57
738 1736
807 1527
234 324
1641 204
544 339
616 264
1944 1133
306 1564
1982 466
322 1193
887 1550
1690 1752
1509 194
1850 516
495 389
647 775
170 871
1055 1545
1470 1115
806 1661
1069 1959
1739 859
1892 1973
1262 383
1958 226
651 463
1280 411
707 479
966 1063
679 751
1888 6
1649 1852
852 1236
1657 1118
1764 1895
183 948
1659 1113
1198 555
1776 1669
874 1984
143 1436
1466 1235
1290 1298
1275 187
257 1577
577 943
720 1891
1610 125
761 1850
1003 1028
53 622
1325 281
734 1730
393 454
1798 1151
522 851
1114 286
371 550
1474 1052
1584 1194
1621 1031
1482 1947
129 1503
299 1672
1097 1750
375 408
777 181
1598 881
1138 739
1326 736
1070 1814
733 1006
1586 1529
1935 143
456 199
1027 1813
848 1487
525 1761
1327 310
1811 1351
984 1260
706 1612
393 749
1968 474
435 1488
231 1425
28 1559
509 1576
1604 523
473 1159
151 399
1286 236
701 1091
956 998
63 249
616 979
915 713
1865 733
468 1121
1124 611
809 241
1526 1361
1376 680
708 1909
1360 1280
883 1367
1713 1753
1837 349
1832 1108
485 458
1377 654
163 494
748 1857
1042 1129
365 562
1936 200
1275 1775
149 1300
1897 1439
1243 1623
752 273
948 1178
1029 699
665 1055
1391 259
1132 251
1594 1089
720 1998
798 676
619 1731
765 1430
1385 183
708 28
1391 287
1865 1822
481 607
1150 1943
481 910
235 975
1755 1877
710 1009
1507 1384
468 1037
660 586
1257 1038
896 626
31 966
387 145
1471 1728
1552 1185
195 1073
968 1763
1119 1656
521 172
83 1773
1614 413
353 334
1584 1316
1918 746
1877 1451
951 1072
1590 1595
1217 26
1576 320
872 1782
754 1449
707 370
235 445
1815 328
1448 978
702 1166
537 858
1598 1642
557 425
1885 356
1438 927
837 1171
858 317
1622 1603
208 700
1438 1124
1200 431
1821 1923
1200 1219
98 294
1668 772
929 170
547 1802
1705 1915
1917 954
1925 1808
545 663
1909 982
1564 1144
535 21
1886 913
692 467
1118 900
1511 1766
1931 1208
1190 1892
645 1810
700 1992
1649 1790
1824 1352
365 111
558 70
338 1593
1322 568
87 1076
470 1042
1359 535
100 329
908 1726
968 27
1979 321
1512 1505
1272 442
1391 1331
442 1092
1970 1090
1903 1677
799 441
299 1540
520 1574
1734 569
234 853
352 1647
1663 1500
1678 1619
1022 511
26 1358
1487 1094
372 128
1402 1320
953 926
1697 593
1487 1274
587 490
721 644
1704 421
1565 1378
1409 1184
1791 136
286 1933
600 891
197 208
1998 1398
547 1975
205 147
84 1363
498 1652
1986 1201
46 1154
335 1244
457 405
482 373
1862 1649
913 543
779 1033
563 1517
514 34
1545 263
771 298
149 173
1945 1676
1737 1788
163 1563
658 1078
1064 1686
379 1613
720 520
741 497
297 1136
1383 1276
1841 649
227 1049
1376 142
369 570
1771 1058
1131 1126
140 1044
1985 64
1713 1312
580 1806
1402 68
1934 235
183 363
1720 386
920 825
770 1573
1720 1717
1328 1703
1265 308
840 990
269 1964
1415 653
827 385
1841 1015
1880 682
23 1355
1322 738
698 1531
1995 770
1215 398
369 465
403 1929
1975 830
1398 277
736 313
1612 478
835 799
995 1709
57 1149
1053 961
1633 25
238 971
1717 487
518 1638
141 1278
940 1458
519 327
1207 993
1406 1168
1286 615
880 1494
1009 13
1943 1838
851 1416
1055 1890
173 139
1726 827
810 124
816 1572
1738 1212
1762 108
888 920
735 1134
712 300
995 1989
1892 1183
1549 1974
1289 810
217 878
293 1169
1204 1779
369 306
1016 771
734 1653
58 148
694 1694
178 1110
1442 1745
873 922
1132 66
352 1837
28 452
1929 1357
1564 884
382 808
190 1306
686 1681
1090 690
679 1636
1489 1453
1499 1569
1568 1023
495 483
369 1040
1483 55
1127 1979
1317 1744
1299 657
525 238
1322 1492
736 1246
613 417
1823 1876
171 612
94 1960
1382 703
475 1831
780 177
1684 1441
1644 355
1376 1811
1558 776
1350 207
193 372
112 1864
686 477
1559 930
650 723
1049 909
761 1132
761 571
1308 1471
1549 705
1017 476
117 604
274 1506
1705 917
1201 35
765 741
1079 882
1614 481
1070 537
1783 745
1221 1466
554 1371
502 1521
1539 1270
1679 1558
918 30
278 1446
1610 365
1073 1978
28 1112
332 815
698 17
375 673
1924 1687
1377 1740
1493 12
1212 336
955 1062
1810 1899
463 1077
959 527
1021 726
1772 406
915 1001
451 1217
350 525
488 164
848 807
145 1794
226 903
351 434
760 1328
356 666
840 424
1685 794
278 65
1278 650
142 217
1189 1263
105 707
1331 1160
81 686
1369 947
81 378
1857 44
959 1161
1354 1057
1348 362
1114 1951
475 1297
1930 229
921 1918
1791 341
270 694
154 534
1461 773
95 732
1541 1308
1482 1502
1985 1286
452 1995
463 1668
16 1878
18 844
1544 1858
463 1969
766 1796
812 1552
170 1980
624 214
292 186
143 1119
286 885
100 1071
1012 1075
943 962
1499 1903
1002 1409
1284 1630
233 330
335 1632
328 342
502 539
1009 1173
282 84
1005 480
443 944
1112 678
1624 967
1217 271
421 1065
471 94
1466 1233
1561 118
427 1993
1897 1282
1547 1885
1097 574
1483 1920
1515 190
1900 633
123 1622
888 1326
579 240
1693 1786
470 433
1872 1066
8 202
442 1880
776 1557
1398 1575
72 576
1495 1871
209 1305
420 1996
1601 1209
397 1536
1127 71
1214 1334
1007 579
1033 1856
738 743
482 1626
1515 99
708 1510
116 359
1000 1579
33 1
600 1082
1693 1861
277 870
1628 623
1412 750
463 1675
482 1489
1813 1916
1602 1179
1183 1473
1409 1395
697 221
1270 1182
1174 429
1205 1760
1803 1195
808 1938
1691 1213
788 316
1883 288
91 976
1493 629
243 854
109 1495
354 1952
521 1799
666 1869
1514 1581
1488 1005
1372 1046
987 1778
1621 1513
1081 1114
1985 581
1982 1797
1079 914
625 1600
1267 1215
1322 932
1062 1321
1541 1859
1040 1374
1864 368
1669 77
1744 135
870 1924
911 1742
142 916
707 869
1939 140
906 1617
1246 779
558 1935
876 1255
129 1146
449 1599
581 734
688 242
1798 1175
1455 1434
1479 638
670 1605
1628 1299
25 404
109 1262
258 806
428 344
73 1530
459 115
955 1585
1654 1554
1639 446
761 826
759 812
258 1697
484 1893
876 591
1039 1456
881 1265
141 1862
428 93
60 1910
1740 1507
344 1879
681 1420
791 1314
1328 1551
1764 655
225 141
1442 704
452 400
1979 640
115 805
1626 1936
918 184
940 1170
1814 1961
322 165
1719 522
1016 255
1877 284
875 1685
1197 1234
1716 631
1843 1783
1414 227
122 1128
115 16
1124 710
866 51
1471 134
1562 1853
1198 1739
121 519
758 1158
29 985
759 157
663 1870
1777 508
976 996
1378 114
921 1659
1537 1479
1426 223
731 132
274 109
984 1985
1983 1271
761 1741
1668 1477
679 639
1564 1519
1153 426
880 5
92 188
39 1026
547 117
1398 1047
732 1516
1466 803
1712 1484
1227 1019
578 1759
376 1240
339 533
1822 1003
698 75
1850 352
335 1601
1982 742
1487 1095
1324 486
350 1272
288 1433
1309 1719
293 105
482 332
549 921
317 101
559 1611
423 1010
665 1946
771 818
91 1482
1114 1757
40 1654
242 1965
1872 886
1684 1379
1998 40
980 1881
555 923
803 1013
1325 414
536 439
183 1771
570 1293
1054 811
1864 1252
1376 789
823 1967
1331 737
521 205
463 1833
773 220
1977 1127
1683 1591
371 515
91 902
1409 415
91 752
580 959
1551 1302
550 1586
214 1074
1281 1798
1758 821
557 1381
1070 74
1533 1889
701 505
1906 1594
750 1418
1809 963
257 1369
1505 254
94 1141
910 1330
1398 1598
61 1079
643 931
1923 660
1232 1424
1758 338
1069 1421
920 243
465 1618
1164 1239
88 1214
1850 1518
889 1512
1512 915
1842 1393
465 761
225 1562
1286 1364
610 29
338 100
127 800
1018 1541
1688 1245
1757 1460
761 435
1515 22
335 1017
679 1202
1499 1147
1031 102
1286 1405
272 584
313 1955
208 785
1998 767
571 692
1740 231
1334 401
1445 1349
452 1917
787 918
1601 838
1000 297
266 753
812 645
1310 840
1000 10
495 721
942 1335
856 503
995 1189
183 888
254 1485
1275 1883
111 104
1267 1027
351 616
1930 957
1117 1977
569 1867
382 942
708 1733
1998 518
1920 394
948 1715
818 116
1541 473
617 929
559 250
1872 1068
309 544
875 307
182 1156
1100 1404
1002 912
1217 87
1446 129
1327 1816
1985 1250
1532 1207
362 1447
1570 270
919 290
1512 382
193 1678
1725 867
1926 266
167 1849
171 380
617 1190
858 1962
1638 120
428 351
825 1590
1567 1437
716 276
1909 560
277 1345
20 1476
1480 447
996 153
835 103
759 333
540 758
225 482
1956 1383
129 763
1904 1230
1317 1491
1504 1333
141 464
1398 1737
481 410
72 1097
1533 1772
1426 1533
61 906
149 530
1886 552
672 1840
888 185
1626 1999
111 451
1998 1317
835 1991
1657 1423
1205 1509
976 1971
395 1216
1704 455
1085 716
1907 1722
130 1768
1458 496
1528 1699
542 89
1336 724
397 1153
1654 1526
1607 589
610 1150
1738 1403
829 1774
961 1707
382 1030
1516 237
1483 1994
247 244
1956 1370
931 295
123 1007
475 1957
687 1823
1964 1846
1434 1497
732 747
1105 150
681 551
1910 1645
1565 402
771 596
1031 1834
1119 1138
513 260
640 1143
870 575
402 1583
200 1844
1512 875
862 1958
245 559
274 82
1597 1705
1875 1256
83 1342
1837 1514
713 847
1049 675
183 309
463 278
1212 1931
581 1346
1016 471
1931 774
1878 843
319 1604
43 46
1458 158
1966 1419
521 1045
1398 1841
1598 509
1172 1555
980 1341
510 727
1872 1787
741 956
731 1197
1480 1762
540 1873
849 2000
1356 936
951 988
738 1828
1895 1332
87 56
1257 1608
603 762
848 681
835 1990
423 1754
979 684
434 1865
581 624
382 1692
93 693
154 1615
1734 1827
902 848
272 1716
502 432
1653 1571
708 88
983 18
369 1614
1348 837
1482 1287
1968 1475
24 422
1808 232
40 1117
1431 248
1832 506
444 748
516 1000
1920 1764
1347 1350
167 234
1608 346
1552 1181
736 19
958 146
1532 144
1535 1580
734 1913
455 1639
881 32
1476 390
1118 548
1080 1035
803 189
24 940
651 1635
1399 1724
1547 659
921 883
929 453
1446 461
634 485
729 1325
1909 274
1308 1616
1361 367
1117 729
853 819
1775 1322
716 974
125 126
1006 1751
881 1942
1904 664
1361 1803
1160 1329
584 630
38 1106
889 984
681 1631
1894 953
1874 303
1685 1462
482 529
115 1248
759 501
627 110
1648 632
1912 835
365 1199
1438 282
1877 326
1198 1275
1004 661
1761 621
1007 594
1584 457
1621 1142
1898 1609
89 1651
481 528
1461 764
1022 1315
1737 1432
1824 1534
1896 1464
909 1100
1222 894
353 448
2000 1944
1398 1070
1604 106
1018 908
350 224
1918 572
212 1043
1714 1729
424 97
132 484
58 1122
1737 1535
1438 1465
159 1387
1744 1665
371 1704
223 1478
1183 712
1375 1664
420 395
826 892
89 63
1414 814
1566 991
880 201
1720 1490
1124 419
1567 1187
1758 1567
825 192
616 873
351 1242
557 112
880 1200
1884 1743
1677 1504
78 1839
77 1568
705 667
671 983
1414 1901
929 1983
386 855
1378 665
1205 1525
842 1060
892 787
1378 456
428 1131
543 1285
902 797
672 366
1104 938
397 269
1636 1277
1079 1225
43 1538
247 374
1210 1162
1890 1940
1584 1821
95 384
1604 1498
268 997
1499 606
334 1765
439 253
581 20
184 1596
779 1860
838 874
369 14
243 1592
37 1053
1406 1012
1231 1140
1437 1353
1901 1303
956 1394
1211 865
1551 670
1169 1496
1758 1426
1973 970
1864 8
915 1283
1198 1784
1760 689
976 688
759 1288
873 1324
242 292
1246 159
1511 1937
1821 1904
1953 252
1801 1713
496 1417
1455 1845
536 1247
40 430
1360 193
1654 1735
1631 3
1278 1693
29 672
1737 459
4 1807
1512 416
527 1470
1184 121
1509 1587
58 582
876 614
382 669
351 580
862 493
733 268
1935 911
217 685
179 1896
1054 1336
1710 507
1982 42
1003 567
893 364
697 210
896 513
1939 345
1567 718
1081 1123
1920 695
397 1789
268 72
1438 790
853 1086
955 491
851 174
1296 152
1324 122
1232 778
1328 824
912 137
808 1443
1081 2
1864 1109
927 1002
328 1339
1045 711
1297 782
711 1243
211 489
1184 1401
1369 802
708 302
723 717
1556 1523
1534 1927
634 1801
1000 52
1308 1440
332 816
91 61
280 213
1879 968
1411 813
899 636
720 219
1654 1180
74 856
1382 354
20 1224
1702 783
963 969
134 1561
1616 358
1830 1474
28 1621
1453 1064
1448 941
1564 96
94 595
640 1950
405 1769
1007 1422
57 1767
1436 1203
407 156
1030 1139
183 33
759 1897
95 1008
940 1313
1384 1435
1210 168
808 1539
1574 1067
1569 1103
1709 1036
1264 222
942 1932
1368 502
11 1034
1569 1972
947 1981
674 318
735 642
581 583
312 1024
1979 1125
1054 113
873 504
1716 407
1235 319
189 934
799 216
93 564
1841 1747
1280 1191
1190 952
1870 1152
1526 215
1891 558
862 618
1131 1725
1121 1192
1016 786
1993 532
1593 1431
921 897
1377 849
1088 1956
1316 541
1904 735
335 81
261 1237
808 701
999 1148
1604 801
1567 1366
76 706
822 933
397 76
149 1229
666 1041
701 1948
1499 895
272 731
482 1718
966 1380
1603 619
261 1887
67 1266
1871 1805
183 1688
1003 939
1744 1088
1738 1137
994 176
1065 1875
1610 37
1201 709
95 1391
123 1641
877 160
1864 1674
1022 423
1088 1459
1074 7
1995 766
243 1362
759 475
791 1157
1835 1755
360 722
1966 1872
872 1400
889 1758
1256 80
1360 1657
1614 708
754 1800
1696 151
1145 1714
1450 603
1813 1712
155 420
58 335
1865 1738
1942 1874
1528 1941
1081 1356
920 1221
356 371
971 285
1482 986
929 1570
20 1468
1448 1021
469 730
1296 258
704 833
1076 715
1762 69
1055 1522
1505 279
282 1039
941 1241
839 1607
720 1348
1072 1196
88 1164
159 842
416 1748
1178 1338
1928 1472
692 436
971 646
376 1660
547 960
940 1640
1698 437
1710 311
1447 131
684 1463
697 4
1695 239
1923 620
314 1428
1288 702
1982 1542
443 904
1901 1906
759 133
1458 577
680 409
1296 651
1029 1648
1392 769
1020 1396
921 1251
177 1392
162 850
1132 1982
1830 561
752 905
760 907
1786 1268
1740 919
1644 45
1184 138
344 149
631 728
500 1532
379 1912
1230 890
1872 1204
779 545
913 1337
1385 1014
1369 880
452 860
40 48
1809 403
1391 1925
1690 1452
317 768
1422 1911
293 1231
16 1851
454 1646
37 1377
1885 965
301 1866
812 1284
270 39
889 225
64 1198
227 1537
873 1588
520 755
766 1499
991 1059
1956 1415
1227 180
389 1445
843 1746
53 331
1799 1696
1546 600
1939 1528
729 1099
41 679
6 388
873 1549
243 973
1823 323
1438 1848
1961 175
28 1663
920 343
1186 1625
1495 492
771 1172
1239 15
868 291
1073 1868
915 852
1977 1258
825 1483
741 299
575 1634
1778 218
1270 23
112 245
197 781
61 440
368 314
1717 1309
1081 777
1048 1907
184 1633
1574 1228
609 573
409 36
368 597
545 267
258 955
1511 536
1587 1882
173 999
467 1093
277 438
1891 935
1275 1469
344 1723
396 392
521 1186
1085 361
1260 1486
1624 804
766 1413
293 182
826 1584
925 719
103 1359
129 845
268 1888
509 1085
757 209
931 588
1248 1905
135 191
76 1721
1399 510
766 1343
804 275
1284 203
1966 1710
1640 1934
1546 107
659 1556
1302 257
468 1210
269 578
914 1667
1317 1610
1509 1809
617 1101
313 945
81 899
128 1898
1029 1986
1680 1553
1385 1547
1602 1368
76 195
929 1727
816 211
874 744
1953 1945
1744 1792
1679 1732
1737 499
697 1105
882 1795
1385 95
1420 1080
803 312
1246 658
1627 1589
107 602
581 1389
1833 862
708 1970
1720 563
1948 1311
1612 725
1900 1817
1526 951
81 322
1476 896
293 1461
1025 1098
1841 1627
927 1292
1080 1177
61 697
74 524
28 820
1299 1279
706 470
1804 608
863 1011
1207 989
779 677
1317 130
1614 428
1729 972
1903 60
666 1069
183 1414
920 1412
1389 1702
1907 1254
1607 546
1088 47
459 1776
765 233
1158 792
597 846
379 1227
1048 462
976 315
1776 1842
243 1365
634 627
1981 1854
1040 1407
1679 1206
581 1624
1076 391
1798 1928
1104 498
720 369
315 1548
1260 1520
1909 1304
430 1658
1402 9
571 512
351 1167
913 1884
520 1894
561 1130
1105 357
170 879
1325 376
1505 1830
1982 1102
1775 1908
428 687
1919 280
570 397
1491 788
1839 1829
242 1602
1243 167
1278 647
867 79
1348 1290
1536 992
967 1386
1536 1402
1256 1836
1277 784
475 11
1975 1524
889 91
1368 1467
1788 1438
11 396
416 1711
1841 1781
1768 1582
872 1032
1377 1683
617 1455
876 613
481 1406
1843 1847
892 1454
1998 1385
1248 628
1593 1457
809 980
375 1222
605 836
122 450
159 412
759 256
680 1174
1514 714
813 1544
1323 488
123 1323
459 605
520 889
351 1691
1533 1680
258 1360
840 1261
910 925
1455 1628
761 791
499 119
440 1643
544 1835
611 1056
1966 31
481 90
1036 1819
54 1344
1190 1081
1294 1165
1621 1832
99 1096
1594 337
1662 592
332 876
1958 1004
1101 1963
857 668
1590 247
318 348
1093 1708
1356 197
745 78
625 937
1510 1826
1000 1843
1682 1163
54 62
1119 1347
40 760
557 1376
868 178
609 1397
1160 1515
786 1444
1006 540
687 289
1908 1855
261 901
1148 1919
1391 261
1633 1294
1458 1949
721 1249
1391 556
948 1450
862 696
1884 1084
1398 521
1814 350
1641 1226
580 531
1806 1804
403 1818
1913 379
365 517
205 1637
128 1050
875 841
1839 1020
1618 793
1453 246
1317 958
540 698
1075 1295
798 50
1610 1087
1099 648
1520 1480
708 822
1887 393
701 1566
651 547
936 756
1587 1706
270 228
795 325
720 38
69 1655
931 1429
519 1390
141 1671
1533 868
231 1223
704 86
459 866
1686 1218
868 73
807 387
317 1954
1045 609
2000 1054
658 1501
1626 857
736 798
1326 1662
732 296
197 1734
521 549
332 1720
1174 1939
149 1700
1607 1815
1283 817
1133 1749
109 1259
449 1408
1292 1976
697 765
1584 1511
1005 554
1088 832
1782 1902
1782 1777
245 1340
913 1597
1425 1812
1238 230
1913 1018
24 625
1164 53
1033 829
450 1301
485 610
369 1987
582 542
135 85
426 601
1002 305
1827 1481
521 634
1608 98
625 674
759 1375
100 994
201 740
1296 987
49 641
832 565
1581 863
1875 1188
320 381
1160 1606
520 43
1239 163
258 1291
1506 1155
309 995
91 58
1488 161
1697 652
865 59
1949 1543
1709 977
1995 1650
95 599
1533 293
1434 1176
692 49
1979 198
647 179
37 1145
665 1448
1336 1926
1680 1048
365 1770
1300 796
277 375
1512 780
1958 1411
1808 1116
1242 839
4 981
1045 1310
1208 1051
62 946
1974 1922
516 1319
225 831
1308 1620
344 1029
1495 637
944 566
1274 553
861 460
133 757
1631 1756
76 206
1232 1921
135 1493
99 166
351 1863
1892 443
1799 1679
1517 1508
809 347
581 1318
515 304
791 67
1865 427
1198 1780
196 834
1512 1269
510 1825
209 950
1841 1644
1637 1560
466 893
1217 1546
1934 1257
1776 924
1045 1565
263 340
1275 1382
140 1135
1616 92
872 1997
1670 265
506 754
154 598
376 127
1369 590
350 1684
1275 861
908 526
470 877
40 759
848 1022
1655 1354
1498 949
760 41
1166 1666
243 1701
1029 1682
169 1785
1732 656
1587 823
544 1253
732 1267
1376 1205
1958 1930
428 557
581 272
501 898
1049 864
1723 377
271 809
1411 1388
1310 24
848 169
1385 1211
1627 1220
888 1373
159 54
1466 1273
1105 1307
570 1900
1640 1399
1361 872
1326 1689
100 154
351 123
1114 1120
392 585
355 1107
1104 691
234 587
875 643
730 1083
616 1793
412 1690
1419 1061
1016 1111
1737 301
1740 444
767 1820
775 1427
331 1988
1030 1953
1029 1695
634 1791
1196 1372
1361 1824
1903 1670
559 495
1354 964
495 635
1598 1578
1509 1025
516 353
452 1410
1466 1264
1183 283
816 828
1784 162
1738 1968
1346 468
1626 1673
1677 212
1975 1698
662 360
269 1232
1557 928
557 1442
1243 83
1331 500
1864 1886
1737 617
1812 472
1734 155
58 1966
761 1296
1535 538
190 671
720 449
1892 1327
1515 1629
959 1104
1837 469
245964226 472622411
180726663 274080954
112442289 946296133
348477029 504051909
57359255 587045265
757164956 955819028
113399808 433210963
336032851 552857923
269809630 594957264
768668380 973224196
392319968 528830332
280104172 413473689
604306460 723292645
82531209 528085252
280179751 387213613
431051530 718190592
555103290 829271403
416507117 712006394
1612294 438015156
154420860 972436100
141676942 146487482
309394812 744033638
195463806 470760946
833743350 857332362
242753526 858033005
100281819 600996601
234469295 258701436
822776953 895450074
218477775 490684015
405774033 882122217
590026814 987193758
807242735 916992435
46648099 335630487
373223639 461318157
61177593 870300974
108519415 943427311
181433828 987020040
4374740 395674433
54300145 875699936
118803664 797746125
538158936 787417107
108748509 330047743
258422928 575541894
71026750 948368209
3300548 36974285
545095170 870610443
708934865 741112877
504184231 945613745
22122707 855016239
434361354 780162968
661499134 743361152
249988291 929860219
133715127 589239698
638699979 758245020
616199964 735373207
190835216 585222936
17060785 915051970
273183443 500733611
605225701 869784327
637335665 812065233
33425240 839645277
75641705 394168106
261194550 520268375
546228512 747952025
516473944 733165511
534777992 907232034
532527617 731038577
485561101 672777519
47446089 731551930
34121689 514235180
193176773 403271868
370224231 783726023
212518648 215753982
215656 954114622
905199853 924005034
550529709 919946369
255355631 432278457
334797499 650388432
34085239 256617678
628537096 927155976
645787529 661659828
4326781 542021646
396515538 645885353
184503408 418534947
123130402 931854602
440052206 718181186
339428626 720156415
581656778 685479846
192066899 787852700
760146919 920179730
90395438 792588764
456319490 976110250
378908864 446422236
141783164 677451440
730077844 970095005
263126687 622141759
156250004 991707113
44125219 833907829
237897385 869376663
341141548 759375504
112947138 310590265
221941572 960532401
316704363 668101393
93712930 382934151
879004291 887474476
810783660 891301787
630522666 993074880
881567190 930921666
748996864 859199260
791033261 932343029
81293881 110645297
319240751 634311472
454116183 532347405
698378164 707673771
314880853 556393982
580878103 877064798
296672088 837710905
107899122 916590162
340931645 499927777
167643712 499039169
40119711 139445719
478478130 883371409
479221180 681776562
364940059 418706368
680963536 902825300
186898724 880557608
461082065 777435340
435351060 968861396
153468839 304874634
144034115 166630249
53048963 630515755
781022133 940475774
299769744 947898043
791951254 860040276
553586228 579509464
65867452 167094816
698621906 737190093
241402443 973804360
166740944 653719774
251464473 320807894
716296551 960867072
125542478 232125259
552279535 618818983
664811173 798737675
325290922 520570568
379787287 623521486
291926176 526209144
207474264 387925469
351336566 596534860
221417275 368404855
103983481 228256858
52721041 321950539
142201624 919312953
364992805 635275199
77202938 623215601
798469243 958124601
321194860 603177975
449996279 602350424
581593965 968023451
467015162 775918688
168065162 272511356
309961562 668790802
425491872 588953178
65775162 872688616
51640918 520869833
744151665 770828262
80527507 606052964
112108866 634677493
26537143 736895454
393036703 667199473
625290149 802850338
75552361 573984772
470477129 483589079
56589750 523868544
419864288 554028615
21089533 300369650
170753131 794734540
497806759 985366402
558559226 607461233
186482112 934362984
9821838 664506062
390905611 705805679
348763603 870484338
17365570 678431592
656850012 708333873
293523099 964243371
648031073 687886187
694092447 949245970
608627259 690017442
858804993 928305324
835731335 932740728
817871632 853997215
539099261 659884812
526846538 902375161
858851878 985183920
79502728 715067341
208717965 819871600
214912279 641028809
438365964 902769255
207093216 506028664
172203735 781187462
463660790 832674292
71821115 965975800
150163364 951921968
645147484 770535457
233966277 629686002
490462419 573022747
219955357 254289361
151751045 881441266
152190244 450202256
733286262 855630046
943999316 972510466
153177311 846582947
684898162 922584866
180341183 920378943
231549759 679197217
156436359 255359021
686552419 716824912
424000997 934320814
195980516 564184122
117334344 802287917
754091792 815352165
294380587 318897768
68737242 307237241
232584029 891635023
669049408 811839074
860122082 915065773
802612554 999528437
292749838 960314468
734795982 788724765
1547003 940032305
141655856 958583883
167059557 597848763
615420610 688625431
153260629 154807724
660908542 782878016
833503231 924815052
394101450 801588535
602512719 956047170
109025425 809694317
818382562 981866662
579683181 838019104
246220267 935951341
35088082 607561457
469246564 755404626
461559002 796408889
40516104 86009017
118740113 469249121
110699577 803985532
552766739 706085683
52081830 817573997
200937006 277309547
49949653 386301694
134718646 825458523
102383515 782739002
637247938 698451096
446209647 647104376
389616482 725358024
423072771 852097310
445379216 618863767
264789205 626771427
195611015 689822373
912980348 956298264
96760438 407006075
766750412 817745973
58236553 887202961
357836926 483084126
217745596 500350790
610587860 669719707
15045899 807476969
513304623 827858184
608038703 701351553
180643003 213449858
342458615 508175824
54219192 225629712
522291997 915142885
488527756 525517525
18807 541804478
59635301 291657419
233256166 655863878
308747893 438175217
115225994 243511889
373866544 866667503
118808760 384715342
66812142 973833841
141728327 311838181
434957900 780238849
256853960 336109361
256928865 522945627
536645783 737312473
640758930 750960181
109568314 305817741
772191104 941601371
497391105 555669119
359554429 825597868
96105407 405279532
119870104 389752322
344186214 843840712
95252586 498749501
122560893 312463093
926393340 944396079
211486486 983756519
472239343 608618806
461374276 733528886
113838984 140565730
752675739 835505622
249854021 653217354
284067329 677642945
24454616 914910928
489288833 932368390
103496852 353588113
250432341 635961657
339592038 771298855
414133587 981708966
341403235 807250256
283401164 443617515
449589013 842399473
252335625 749982406
125921060 210229609
254436871 262568679
675483115 697079358
404686785 426441521
58857888 456391941
648775677 891050900
587564456 879182129
628302120 849272558
57929919 908656799
884212098 920467540
690088491 930358152
180359550 589826612
455816121 876664291
716998168 900707975
742922393 935013035
156603147 873198706
401761302 720007498
51979986 985012559
7232020 744430716
280859702 754671773
147400296 220740016
340302531 452826695
595400186 683892346
343685027 586379897
645139960 830664165
30687190 834334084
104809287 307078480
341352392 518706687
284598490 869875174
33428227 317521330
401102650 592625310
25025067 153074184
91497737 442645949
213411308 519368163
18293072 109764862
339475906 874888119
241077909 641527012
225048636 410314005
98927365 648705109
463485254 674762366
61168597 92839350
160860858 355870108
667638808 783392350
105672838 585860799
46783348 900762602
175007140 245879956
548252038 622635762
474180013 789388389
180707659 720835355
184252218 558249448
257872102 434761347
357558834 938112663
721065397 871617439
64927643 752380613
794341384 985027557
272588635 920543619
368706030 527427442
137347378 688218585
343224401 890258057
449028060 886941040
129296038 676105913
77067279 586872627
876452953 954447136
586213645 656408164
119606813 308965149
344384605 742336523
299625685 755745954
31204082 977760005
125741941 306131420
691558694 999262577
234138166 347706706
324076052 957097112
33703362 895878348
357391787 396631123
4479538 440434864
505375804 890748409
248167459 645008276
750282528 777134055
522263674 864087477
239562539 396234928
115077193 353305925
177390792 749131795
765208042 952072223
467881264 845388477
170183315 606066020
218637137 890828559
734873803 856988571
271019851 623066411
544675517 623161006
261267176 995766474
599265559 630488625
399397845 495962498
30040031 533072020
13558583 275621222
42127074 69193388
29377710 338765695
87911051 931668409
106635268 237204964
80412865 683838860
115966882 547924157
138045717 316520359
164170973 868487027
491801790 969187597
95496078 642051984
55025771 308293574
404961058 451755603
423009719 630423089
733447744 739709306
115462937 626786189
128862306 963262505
576460652 699169223
46301116 450748106
145968589 809282767
196130675 627677086
663766318 926724986
153095269 887920311
387833072 431785990
32101733 924443823
18651090 109083601
684401027 914730947
70603199 846265308
513138985 965495167
130251439 234996900
521837383 838123086
334259759 508135094
71382706 436952554
510286849 895486905
11654033 66163194
504556846 594268976
257864682 382001853
270253645 386697664
442069384 834450967
530770969 727937286
474851933 612271386
296482327 848654424
445378951 557112043
275350345 343841076
27202656 984971020
64391421 113110912
36574466 831659883
306355956 605688082
85698530 917275032
362207433 803781324
139977953 407311016
914732457 951575252
294579702 935028455
358276314 428215093
964434354 968841489
413281242 553505003
223524560 316564293
362205233 540423648
42846295 647138083
379779836 491151471
234615542 744791024
418037419 510974473
378850678 719167553
497381316 899375336
239152412 280044510
118939547 392851737
579841861 601870569
553848838 660344659
156687476 975902114
257698544 313004886
109263254 182098498
552697134 953596461
53722836 252106839
371764429 649898046
423062440 643603429
211995880 361182820
709652132 895070649
753518 105784937
216656841 492332074
62277480 296086067
811851059 886122521
500767260 981012429
629272378 680954475
402135969 634510957
814144736 956713826
19306160 889044441
875036085 875959421
20909537 287701553
100530088 466769248
564376353 642113943
65341216 693412531
72075459 941095281
498401004 968108219
123301826 573276935
555334923 952128757
74565599 699487425
555009645 656354776
253347351 292767438
152568318 512226721
616889792 739342303
507892564 700498684
306036367 758174501
573884490 913977032
244629054 644582880
495655888 688822817
742170694 929190728
387408946 501818912
294533822 742551277
302652038 421881863
5126969 259737342
66548035 649484755
112121525 970139188
563628025 712736823
210401886 440164361
397687538 551353854
388459427 686267283
741946251 824036743
889750507 902782754
347472222 892858897
298723159 863476813
614341967 617876858
656695657 874417128
254719834 983885542
452993952 966739676
10541752 555332174
78484574 527240707
38351011 304666671
529837841 646964916
70206175 666500713
112027924 907495905
12178197 147270019
44341302 109051173
264489733 511068435
46997686 506971540
470190030 831041113
267773969 730231970
510204171 530986586
197743368 682525406
60155691 755676913
409299005 699282115
257051344 504262681
128712009 361247862
633701586 674233771
89540220 922602633
451840598 768186676
557337743 972349915
323006972 721518424
206945559 649726711
235226074 373121379
394842404 814603460
247799895 476039623
297843010 626430104
497858301 547995942
76469816 782812247
250468575 557363200
216663043 401486461
254053670 999798548
140830590 459485972
121147356 176986671
398506681 943663230
172123019 718094457
342681277 811569685
65704995 346029700
193670030 396201979
823596100 978347169
418695881 604433678
255187417 421146727
729859536 785032326
208247606 886145737
251226684 360836462
30868258 329794827
513987473 947271115
302082463 795539460
240336854 945472887
215411684 350659227
167295088 780844435
148609681 708431507
203536514 542141424
213957697 691838616
464047935 906059283
147947666 455321070
114594290 597689317
779354989 870073567
227011727 597587708
62992666 243013712
67457787 686101640
28624154 158649383
410886096 527571725
175222597 998102673
515686853 900621707
3126471 411244759
35268094 91257422
443902298 699499176
644398253 744463002
301210426 427563039
505319985 593392782
140318708 964795840
117172685 177975546
500343725 813910657
214285091 723870205
578256998 855847205
604275681 980676409
276026905 603838303
143200176 853559110
8043508 784973129
720636708 811303601
473418015 533967836
662340256 979722105
6813615 32103866
314501645 973409616
5732584 693212413
444987355 683785457
357867502 464293159
11090582 336303601
650935380 669707412
846547895 908415053
335740321 429168788
275149757 590929009
567805356 930144952
844967195 916428483
370636258 560724470
118293178 654211183
338149821 973208550
507668852 989037412
378760427 577563420
16901007 376016518
132572222 247823980
225422413 334407502
421995840 637164383
746925105 754862450
289749548 502416540
570844995 674605235
613046792 931519067
672151351 748448231
28708004 987063733
50284292 966926154
103922567 871120480
866041402 928593275
102496845 230600295
315235033 665466563
92322184 665711687
588855957 771209633
623672882 745466645
438561721 453940931
513957652 529392045
870081501 995623843
245397136 728715393
455637824 753245046
126689903 396366938
367747943 768020281
46408445 261049055
566391489 975055325
337390623 760704760
322628363 969936676
528633585 952406575
154204882 730309819
258204631 315367898
24343344 559413970
74088188 990697805
192584704 808509620
298668394 537163837
271413038 640408328
110260229 808565557
643137980 933239019
307872405 534617829
390641619 741175310
385329117 550117631
219946229 741951016
368794343 962823118
598132795 822883784
152592634 364621643
378921595 426961756
40410325 331439855
830216390 911309500
832539739 946988029
238468341 277365699
141277486 649969570
609430235 707091667
318164860 490841322
436649907 841157733
387764503 572477217
17150425 895832510
349266162 390478854
727953040 764812069
792908707 896741133
783096911 995367560
156846586 866290387
477128829 811993828
700845210 945540512
331428724 942970069
188638570 406447977
134998624 469795899
770290566 781724819
41496410 984028629
206847067 261712442
614674075 877994650
692228090 692605837
63671238 831230835
55784471 197722737
629700725 655660631
41071396 666961389
194165134 966033691
56620077 963299061
517296267 938678581
4466696 873711716
574725039 791658823
112412611 286374003
901177379 957438274
265304007 402557801
464476885 805555434
711105937 900208728
504845275 765913842
499954631 662199291
288281934 684686891
253262218 657972655
790947766 854077662
241558211 509676796
398416706 624777699
256220049 746287812
114544941 796626762
393051244 550176927
802067780 812284309
798467802 888488944
96317985 369202688
263694059 468679410
64122616 721462716
409129283 875497492
16643250 644382662
70508046 308038575
278815653 727852617
293739949 650161151
447017892 884879352
576120648 958013873
189841613 904139385
113183969 537586893
272280955 475116011
508695322 717625919
532459519 774518539
709335667 966810554
689632494 960313091
510905822 962923741
921062123 956231238
55575433 59879070
259277549 694954090
292098819 943328819
354603982 796414057
273462734 698888861
500452708 823239553
405544767 428031849
559226417 988745302
283633173 429063619
80816614 342979081
231015223 459638150
199071546 704864170
323295159 454639571
750201622 933019952
262785273 635395276
202818209 432862956
409547270 718442294
454994906 717616796
389892122 448418720
353652873 404507378
713207338 793143742
589825483 688668177
33694620 227958500
407431204 467521375
80125632 329039239
49249023 731008464
315690397 937839516
463988639 605507931
200896842 783784020
619541501 910332944
49927707 972935429
182839287 670188115
466861912 649657320
697861408 908349047
501619780 940132235
329179458 773592613
487188067 787760924
596625062 896543672
898084574 991098658
16513433 878706997
421919855 862981828
320505160 973606428
269812852 861133926
311839458 890614573
374648955 386276992
461621920 773243333
102151749 845306815
658691411 774495151
126283286 518392051
383325094 797432539
615763739 709162289
305284324 309676264
582546839 678658741
153071292 446629955
40318224 606610340
240062841 727233652
402137836 500534506
249834203 840103738
506338152 557444362
207153740 884749235
315983244 715656068
22394436 200170351
239311786 560687594
284298586 472987308
388996103 858685892
35464768 796570516
605833129 912700731
492460099 704374806
276636116 599052115
116843880 431746619
276612638 930567843
187141843 965325730
174342245 721808917
199617415 924835197
302782589 892936487
612174913 623324502
188803317 722205775
159949315 688247538
266655385 973238381
628138952 975802066
162089741 649076331
9715159 679506569
282149116 797117238
226968952 492138653
325094284 437669955
2233961 440899662
462684067 716914295
237234128 368536121
51873068 311965029
449304897 697282884
496392076 948254277
517705737 825613435
581421456 983689739
564862468 744671727
398333270 949742333
885039185 924913693
692098753 946377051
249604662 848193722
436915779 879316086
459912417 554861804
580270999 722442220
105023488 919889438
569964191 902996136
133417393 243943463
408618187 960504560
570247181 769099730
172723990 367536236
782297135 881613906
107698154 862459446
222974748 595186365
923868413 996098303
110509814 933395364
225109660 979320513
670154842 671299779
549534035 900395262
265023700 742563703
270716269 777691224
203599242 763398016
611323024 686886475
208354384 650745817
458127721 906678348
402099359 659244499
291420697 508461420
198115583 873159063
92518890 279727857
566785976 873593420
128600963 182117787
109640810 292188231
232317461 270138080
42819557 322453880
323729786 637875648
486379128 926316034
217491880 929542922
658120189 677273162
143886116 273936113
446999709 480425915
192602025 654460442
695587074 865275681
203593160 231100983
325633826 693091049
631910820 787619476
798136764 857927983
92810119 802529953
43007012 60448098
890985975 898843330
352226956 773744000
139960061 337725635
903989970 952059455
279318409 876641500
169766420 883112450
315821138 618522405
551522322 629774525
662226848 974420423
418011768 638329306
76014851 322249079
380555604 459664265
763018197 856853926
8131043 314338168
799952623 995379050
97495340 194258490
385086855 833528075
490235293 960623858
331035318 392582353
413426568 734275078
621113415 739854200
369160003 478731183
830127501 833552437
32228520 127840167
280380198 910535103
640152747 762255617
459473714 506685384
99257292 394254794
543712448 545892327
582370734 837750389
58413472 937985450
225336705 774479738
41121038 396446824
91369198 359486610
405020271 693294313
233008470 783811159
423124525 519208418
290014958 604772859
218025023 996312786
188463353 332171020
641140361 883269130
555387242 902483702
743844494 972536217
67462065 506392603
399555159 929888447
719524092 976417486
82298200 647339812
53725893 407300183
216879886 929224170
215096752 763730186
216594143 874070395
72428901 175993180
314156394 691727295
206020658 772507209
327233581 861601130
32255846 44375401
331860308 397341892
83638518 996532665
141204581 904248042
528473820 577846404
26466064 64290753
455929544 664824461
522795947 666731963
281302571 967297870
432561198 449121460
209377070 230801020
299965511 591364248
29863817 986661687
805387311 878081643
527728307 883506680
656422502 871905378
140752967 583335144
339665359 709884142
901137406 949545762
13945678 438568463
40891994 716647837
571960367 956269282
466188688 857867177
169684297 704241343
18116469 658509735
476295521 694783230
266330490 649921046
8249004 354979569
348077045 469336913
833559045 928919421
701812116 909231086
218301414 653005961
239778943 475117530
185931428 333609739
213137841 729533677
64502594 344095543
123493464 766969346
15963459 593724837
73037611 745668003
289988690 870834679
777387335 792777833
880904437 986506282
291390993 719183996
158651068 921381734
79579171 83206676
106843587 931759993
24516595 988915298
217298276 831647800
39325373 365754772
264549929 822968383
845543297 898875952
47766591 447495364
456843658 765991685
103642746 113169292
164253676 472279144
28202369 447083322
245833614 256450558
73615732 973745988
210772514 562633868
548477242 964596239
697078898 991557547
447856756 635908006
37696973 912900036
456841044 514085004
492292844 811863147
425719909 530459093
360167289 654021051
277460313 472621708
749217683 926120348
669724104 809499377
581040096 909367275
458309231 731253511
522479225 553235256
224454888 350929458
162181844 563861426
235748653 912163432
195851977 890339725
280168817 483222649
70765628 224435798
637729863 684803327
449374747 870847847
542481068 798198768
525227635 900752956
390545517 840737963
87869998 484000637
267498395 518678408
737545852 968179895
1765951 594144950
540084405 694229793
676182016 928043082
365087382 388840827
411721860 762777874
68974781 288176286
364732727 597886541
98679451 109483100
116847310 451220719
80795137 766545566
628618216 632735742
208089017 426510927
582692858 902340843
118437834 892991840
303863597 466386799
68678353 887488935
138634535 760503064
749495649 894662686
320753217 916982769
668386891 887998905
937047861 954630661
15413053 320252534
371636069 677677068
19839439 322974158
105468924 436881778
374113014 616552791
448807306 762907271
17320912 467444779
368767580 476891885
523850931 911725628
831793105 840158902
65399852 515056925
50600523 884545283
31977327 858005286
105347338 605120845
861070617 943983179
344370013 727264363
813377415 893902386
789878184 978728723
504024216 847928137
310492263 639511352
676493281 855414164
448388479 723669652
265661560 920742983
747586197 996631567
393815062 922196055
452974346 887096695
185635957 440005108
274141109 772375737
473013508 634559383
157862171 200172290
181122033 848365901
393274034 596802523
157451904 639214673
244240429 568283397
165722237 282601084
204873804 694717073
677793680 999041101
251550095 711106092
166230161 439754962
154665042 836765862
577151463 583593707
224138227 501436920
299496368 312366386
917382662 934762503
754610378 918039345
620103875 726478071
911538728 986384024
292837478 439403164
377385027 564034201
446619284 959218535
481880069 628556015
298064809 314020709
257076104 924888411
421962569 610678249
218147513 575091601
29172510 635882122
368525075 624221026
211314425 880736708
170253267 244216842
687181844 786324305
372401853 763281105
641546898 850980384
450110682 753666163
549088891 568421875
460532309 597404399
632354238 689583202
509979723 613620314
295695386 660756267
245924437 282294602
16366607 965842445
49958185 495955424
271151701 812667037
283547288 733891631
162812518 188573015
876243762 927780336
16037873 173257193
401566996 441350059
591600765 843255284
250303428 867781455
304392385 417310104
670130133 995118962
338934102 462717689
52015355 266138610
374528584 597627373
328865512 482195293
56242589 750810409
769850774 951636991
89912597 531262622
350454613 497382690
31502786 287020884
797375960 912516927
99323109 391885800
780753140 929909998
930354842 945601464
44427860 173981367
244247008 386876580
119156978 381636905
494083723 716997954
175533158 497793470
290464286 613427997
586060027 697310440
253512251 935401377
223482790 401949626
105016337 819006867
30177207 781944288
148304614 880361580
268197263 798557894
434248745 595220964
286896394 592063609
61353264 257312070
417451576 446335971
97470227 490682017
254361038 518633925
20948254 732774091
345009616 780468450
248702176 994369566
35387718 701328074
160587004 764040908
795289803 984720595
183357676 514233941
621976155 994205935
731383577 758736169
262679677 670015214
472044411 478907917
47142599 175569406
344170769 546454758
84598473 828418338
551582514 870901467
397526247 751568383
171874068 837917670
316603390 534044608
835676382 973922507
75403308 714255789
31692616 32704875
93975340 742473811
134452062 876475717
173141575 468545033
127587188 619438364
178330269 965942226
319376916 800453938
918257837 925327441
61958493 179878502
496027652 953453325
691677388 704173505
611358941 616663424
38818817 330430749
65886203 332895312
460150472 935182444
13103967 176579876
368215986 488232898
680410424 798237603
799964796 987311427
250716327 639523818
842897354 897052060
201970519 468663979
113351012 232802081
374568537 833518052
689588969 875321473
443505172 704216514
537727086 752708368
620633774 854943808
168352226 989022774
651317080 653396525
79479414 744635249
299741506 321324673
772536815 836314370
161845172 808087071
17517153 27208760
75753920 809712089
35363740 88469157
340314034 564511304
118706617 655238539
41267241 71858292
24024405 191291422
527815887 943476928
443185372 599177203
542165827 616648732
61734983 92994856
718746083 890247258
383568802 771434136
437337064 810107419
100231763 931791441
583603417 682799135
919539141 953143950
308185355 736013065
198051420 580810968
576289197 698191190
54159694 157567896
271985433 982349941
146781485 480033360
63299085 437797199
279127089 656067216
155283264 298174857
431291503 696916884
683363962 867260726
437111954 614000771
576491198 915323554
447902283 810414169
282015140 414655760
157700750 474005864
363976376 931783692
957238079 961888247
97878243 585041582
125184070 253815022
18472149 572629042
253643319 450907323
210895863 720738084
211786411 496318133
843682689 877904605
65964847 828357301
293792849 726083591
693796107 888397814
299503476 432734929
298782019 457752982
394454 49984868
167732827 588835454
221428000 741641076
110522591 177213997
228545569 865900750
661472857 972467341
219967599 837036118
328438643 435190324
428315774 558157028
252370854 830018523
351950917 436619515
140360333 239140357
215752084 869702624
364364485 697016149
285709547 771952756
102746005 862817370
656008377 871808523
292205425 491816107
110229049 742317601
2785965 180530267
456892131 747416994
416601679 609579586
267043324 439761189
427168228 441331362
704151456 783365826
150704775 825801082
107553174 262884858
105643340 152876267
40534889 807792150
868516711 990274517
95035865 658696485
384916574 719003564
368429234 641769000
476993487 883719146
41016780 546014533
251780152 883943238
308320244 552778936
179674110 821784256
354333310 906354369
602554006 658152138
349083267 850458617
370677915 371151467
465967309 829468082
167963942 910738683
156963398 359980042
622979488 927954387
345068094 542662360
7571736 915203727
785572908 788645665
452460295 603325172
836457488 945207904
49325070 878416308
635266677 646726313
161378248 361811568
38241699 537740532
124557064 858951286
189246495 987755577
366344850 529240314
176900395 696941817
286605892 334490813
706140409 715850885
182346267 724744954
35607208 559585561
128746549 571234752
927454630 927724179
209557245 627434447
622694707 797675240
73987259 168323666
512632255 718150178
59837919 168220385
48549911 892507668
330966113 796688888
347747116 592959034
126726149 247362852
738839290 943974540
87807850 644729398
882326142 926694230
769541307 976906011
635168896 651631152
379920616 846311453
414257027 945641133
332793071 780033646
671644389 979577425
92328755 819272769
331379903 889069523
484497202 979711797
317875282 580412881
192209102 949845944
684669699 712313101
286113040 625309437
794128935 911633548
459905909 740311825
41861972 277030126
215585832 398024862
578395594 804892525
295728808 554536184
140260764 947017177
14765762 191323430
513580429 537541729
443706833 965419136
22465771 232829233
393205339 687630864
82354513 925202194
270642248 393497691
494507442 745369685
442843782 552986252
317409647 412240317
409426930 765984210
316997946 471040155
373169178 713587139
206052549 420158786
246499001 835948702
291459065 483807831
436180528 612897558
551269242 715015370
397038388 475909788
440385773 490123837
228836211 475155051
87836752 772184429
475339645 785010146
456995069 580061822
115037309 348830551
183539642 813295446
105055883 985222085
138390451 216272663
271462352 947876087
341943913 816963264
235793806 282049978
207087874 573959523
232422959 836666985
434393601 945120549
346307141 935340499
138270088 756734771
138227966 278052733
710077017 799602118
112184327 715443245
646625026 858418424
185592201 931834291
169996672 525644783
501478654 736518549
789912154 967174827
811330724 999603358
217002629 737496178
297684154 641524795
95105608 211194411
208110834 494211104
233848589 898670439
57498408 763638501
567837034 937086452
860848688 949012920
565781926 713883020
613370552 897213646
234290876 632999582
270660175 497165126
134308425 795772654
502424254 536556722
169626294 501123450
418455578 964171988
650886757 721590993
521052869 793300302
433068780 625620490
645977106 907551115
448004476 574846297
500699324 601280187
321849805 802169646
254626993 867508018
270056721 903555659
435749246 902192378
202343914 927372252
34356370 161624287
10829328 857816028
39357565 989411159
364183636 617907127
121788430 326621918
26466273 614635853
437448160 670858937
789859355 813437306
336788970 493301286
525339584 736445845
863344917 878460446
169514492 687545461
176111941 935017320
675607286 728322846
188068924 200426755
697269019 820839003
171806478 289286271
406245408 811179167
144486367 642426839
772049611 862748927
332926235 527540503
432216625 704070857
7978391 689455017
166134407 327373912
109726636 408660558
779599463 991385241
137068306 725922511
87779731 937572600
522896168 608226379
339517324 608516996
402407147 811123949
51424911 184967746
414441847 486471175
220131211 781806425
581825095 862565464
212043511 780695123
65842478 174133731
216879230 876832005
330682068 966268689
121685303 453758976
241908483 480588736
38951383 528772612
89344875 202751234
528622945 823091619
119900105 738943418
310656147 392055846
287438525 944251222
143057983 880513566
37950323 916580643
163974299 389465823
203682531 720740740
709710902 811837741
32503584 804822655
204459952 368172328
505559221 788111848
583823881 863657222
231470263 984778854
161048462 920808031
391829564 737640397
255850717 555400360
335499303 652408914
550538505 785596263
650337789 775331704
373725328 673320099
47699514 283077760
152862382 730182328
241054807 242909661
665981551 709247983
323871490 392729406
691920179 870264040
427175983 488476774
664154446 710753604
129986226 336888574
613451230 638600426
57652969 663195905
150904959 358509835
636445495 741935319
256168570 323380232
403728909 546897265
594470573 672012626
83935860 386493409
210435428 471208592
360856928 613617627
468869289 735197031
377989301 980675641
186439433 466071483
708605451 932891842
354475065 579634299
839121443 856838466
578336931 765300986
148038091 311512657
198921512 424062742
338326610 517400292
16281664 167295228
340750306 611628068
807515437 822754486
611020562 720149480
454234810 604992204
153248113 829996538
284953807 646897671
58167319 242156417
511452747 605062911
876124814 963567231
373641828 456753687
168511694 364031865
361686153 392128302
560533357 830868023
281110342 826207929
639430699 729064836
225236723 769743326
40418318 894594671
900804281 962416754
591316093 648969448
246125033 502349808
158874846 604071218
145640795 669216826
685850682 705397467
197475175 248797315
438678997 949899837
495540101 841614000
216669110 679829466
535259542 567555076
424891403 942148109
555914200 735479471
58459399 491943032
416095693 735715785
99499548 184248755
525350309 585629350
397389002 758944581
108381330 836720130
655986264 982960137
199365667 968709094
141073651 410649281
205094673 661304308
800607994 835738268
217642543 669317211
135488022 336342128
366559465 596001830
55312199 554044041
215718483 961130384
388644266 417215047
74100320 699511947
555790825 881280673
64083728 514545392
218073310 455770725
630901553 793291221
738774467 967487275
313299222 642191569
431044992 514501279
150143395 745755546
55166627 148586341
342496396 368776491
70161805 772172253
588349820 837886977
658949347 956029581
112334913 542754321
401171063 691652148
557973352 706106280
21597780 574370817
667371871 916349434
209282291 824068688
152345421 527351703
218932326 419492289
4898287 12979775
368218649 709088742
497442513 916678395
770388960 900310728
237106804 396903217
758014989 840271670
401967798 821680060
463302694 572882515
284151618 500212072
78471697 322417705
294294796 716360352
778284144 818069725
671732065 778633706
368632660 957760416
251785536 897752899
285166908 800323650
201074027 980190648
447540455 519510725
546531657 854993903
169627243 926868257
518596055 655858041
141124214 842943059
169855296 382113742
688639084 799595941
123686716 567223061
62198868 491620574
279686659 336836276
86339001 593155828
16180856 203609638
609009819 988230692
189661483 646335142
207585380 879480348
696890229 772088150
691624444 720735024
589937803 877346639
380554636 714504310
907313147 953953667
522188998 731296247
110249664 540617209
189166998 879663678
378527088 623375364
221835730 497459213
332313129 462778649
126317538 840169507
80058236 468407910
956676299 990774506
213857811 498884057
98464556 568620672
428050917 632249051
18927743 512040908
40341289 699986141
739839770 875499544
153571367 441280776
148182350 243892393
104941792 943487283
92804947 504974950
170782232 576930363
290423950 716229730
81386049 400030334
354820025 740744819
59898366 712799453
738208212 850563094
604204720 953591120
325040852 835677280
182167191 731182488
742946352 876748745
322802019 975269764
316510870 703512435
406957886 422056408
406554321 622325565
239451970 437288870
666590598 811034002
34791215 364852466
717768891 888633040
300266024 426961108
553792552 813627459
434141382 552415915
303182105 852106402
321164809 906668055
422757216 854881132
80518961 508802924
256646887 880455289
33146578 466145498
19571998 929512402
72438446 322350245
100303354 809172733
510720804 727800243
134785745 222005882
611744981 727784258
338604061 574983055
612885529 988443406
574700435 705298994
22878819 362090270
11619267 121220650
366746760 934134772
588828785 893243568
318610079 451629495
246792631 498068200
407431446 964190955
708787183 721433627
680153 980890536
450016573 779168571
148074783 718114429
581613150 606408756
243267180 296927169
509065682 762440984
680727132 977867817
553638429 953656726
428577303 489426326
41592779 203848455
457458029 663800375
484091639 747297609
2315855 896303872
218145199 867305110
912788325 958907681
88059136 191033336
263754838 721894411
407804968 906480733
471440321 790033719
466230481 525981458
18590626 399607072
28927730 45506262
334986366 758199871
156128468 906345225
82307769 418497513
323681877 353114261
146139407 929822880
145668888 155667430
131800849 661813618
156605689 940394810
502395072 639686801
232485875 759040320
410397587 783623904
722171488 924513116
545009435 848466298
304513145 711337977
318981849 356124876
102261029 742494965
2300097 803430468
67297360 896082419
774944786 942856461
182078603 936201414
47247168 291486160
268143017 730026862
287731771 626276451
252467911 852569344
255587693 691434068
482693829 795719994
118748651 879683510
199772375 495136276
62149011 438792796
211155471 445609977
201879304 250997798
705300360 989190646
85933617 335027530
137447507 466939693
204150655 657041040
795492154 896560713
279277955 443914849
572379178 723799642
787362432 978151239
135764618 187500498
437799503 744763438
676069164 805158950
69701014 991363718
520607142 797078120
377668555 807234491
50851565 829980218
130614701 997217908
214850491 467961894
72790101 555507094
85758726 899607529
45802604 554601449
266312784 651433401
780329073 939602648
511904072 585029008
593808209 769456422
562867201 785950116
733776703 800838318
217220747 959158347
373659487 617220017
306334832 879878699
65463383 452865499
421256149 832711321
248850239 382803984
262999812 839236432
384288367 571960960
335767900 501245833
487339212 562570291
515936416 638895787
727413033 819036496
91036228 997891973
295253689 588926516
832903378 979505148
589379430 955469886
490691002 765141042
336823812 481027763
943888874 974184652
186956707 267911523
620201839 793697046
266184976 855203615
4695721 734824634
195552476 917279337
437986349 692561930
510794116 598674477
10521463 654241602
128277108 540034968
139264357 896468404
52899785 82637269
386344992 525857369
434668226 557207799
254446164 701290000
446141177 690380660
391390669 767592532
326622568 667110202
110746678 561661311
356443009 786852936
450669144 475587196
482404684 704535845
826936454 836662629
635154852 888494455
10885775 319127644
85005570 191468710
167254642 187614701
17273585 382232289
423972792 740657695
337389517 491282029
2950212 836952089
346775939 949763105
205657140 789700046
565074921 639792056
168614909 507782137
261633508 319951098
757309157 882689860
357417343 782616434
2126735 320124493
644834752 812590976
802570940 839694846
7319740 330872948
4349490 358731331
347751253 990988996
224582098 728504143
29677753 380041035
228381732 733544668
819722150 992949141
56382879 68837216
410697104 604170446
367699566 488441833
24341074 312667221
538807217 881411624
172310655 469518298
562057046 692558498
81357637 489259363
397269910 816598466
673385384 838723426
50097636 482175555
530681709 586992884
25573230 618997972
15841049 704867111
99986840 632178534
83109499 382986888
44238897 596694273
620352756 840243069
112505260 277756960
154297372 686628868
508173734 872963877
484870862 641470139
413530236 419298622
427176613 438280459
422431963 494142933
427530507 916544241
575123571 826041453
132614666 649244628
212918420 976284500
530314650 996225959
343035190 651325595
281253221 307179194
199253376 662249578
85601595 956264929
353857417 937956093
533931411 812308645
186826350 360494095
35498033 125972815
164043937 712180057
531138616 834004270
81125455 601205255
101106327 596444189
114639138 182356798
638796234 645391310
40392992 842427482
575190263 858766843
186969859 545365956
371452592 918533558
273528153 599934545
209233059 512668899
895829567 922891424
93557766 954368219
228002588 938633177
442963821 538993085
179530473 875404326
546972932 988799515
758808949 832277649
466582571 576252661
420559895 992817503
879156977 944574421
921362869 936859104
44809171 937655549
865991684 961815812
324848502 882783137
241096049 901069595
166201160 762568894
273148236 310894790
112679299 171668234
663656928 712548897
206925785 552035108
94398443 120504338
77028190 507443115
421371381 947627985
213907395 394100082
41305158 915684818
457322724 532669493
496547948 911526839
57719604 601143865
107476085 615586547
645567580 957665916
324310406 614804112
126356170 998648265
217719093 843040134
32366318 636278270
387981294 671643998
410041841 918989028
159104104 764161899
917561360 946086034
182148936 459108300
531612512 721515823
306660818 670473921
578418676 636857705
59383105 317328058
727955629 747798832
105262171 390798815
611587816 984210101
131754849 317039969
452367106 931670240
296783403 867350092
393228132 838313395
215544008 282897226
417355324 669780700
128780687 816008986
588351930 843293008
244845812 872570874
381852846 694408030
366235546 507424039
82565066 515340362
829513492 984570584
101997865 133281375
320044983 837236896
250464134 570529937
659800682 995348307
219337096 264848758
239339237 502319364
585942399 991109874
404140293 499036575
124303182 944212212
229972972 775413500
159120229 355442048
361713810 742640384
32893620 917389151
617225494 973600061
93287755 879092111
332728016 672539586
81701196 479725336
163130495 895478849
836930956 891836339
404535152 670874428
226174977 772101594
702070215 762434646
373992444 509832589
211840418 821159234
448968516 791805087
174943164 225437523
228283588 506052322
355636911 903965818
749089409 897421366
33306173 787738680
88395608 635814430
329640294 573076700
268521639 546722589
414738766 606020789
459592328 559523201
426278940 431668668
898427042 995348491
335177589 358182643
504654206 687354987
588806016 858628667
