200
75 78
93 75
196 63
162 117
14 29
5 170
190 185
58 109
5 99
30 91
59 143
69 140
108 90
42 9
79 14
166 10
190 200
182 130
152 131
163 119
122 30
140 114
86 55
115 172
33 59
48 40
126 96
139 160
185 197
194 132
162 24
169 167
141 33
33 64
194 127
65 157
67 23
85 68
163 138
103 191
126 69
150 56
153 18
93 85
160 60
39 71
133 66
48 124
59 103
163 176
36 27
126 163
158 26
122 173
123 180
141 166
132 187
149 151
118 113
118 120
127 79
91 97
132 148
57 110
122 6
14 115
106 83
127 184
79 125
42 188
93 101
170 22
174 34
25 28
140 5
175 145
3 199
101 116
80 164
69 3
31 51
192 94
132 190
152 46
66 72
160 123
69 84
14 21
58 77
39 158
15 82
174 108
58 183
195 74
39 106
163 42
160 39
70 12
182 87
79 107
153 19
173 129
45 11
39 54
190 17
18 37
194 80
139 86
156 36
186 104
67 178
1 92
191 38
39 154
67 76
80 153
175 105
77 31
127 13
108 50
127 135
48 95
127 15
57 93
150 147
66 198
56 44
24 195
140 161
12 32
79 65
195 41
87 169
139 112
87 61
105 49
185 186
141 121
12 111
127 67
14 52
145 134
135 193
148 179
75 7
67 57
127 43
39 58
108 35
122 81
126 156
89 136
93 162
179 181
48 149
133 48
108 62
22 142
108 4
59 2
75 144
76 16
127 182
79 141
107 70
25 73
152 175
53 174
58 137
169 100
155 196
15 1
59 53
155 139
144 118
135 8
163 98
190 88
79 155
193 89
80 192
148 25
31 189
194 152
126 47
163 45
144 102
175 146
155 20
148 150
53 122
40 165
194 126
17 159
123 177
56 168
67 171
196 133
12 128
32602790 414770939
250308734 924305415
10501771 233665678
716614038 805022555
269101873 670695251
308743153 408795658
588952961 871759585
575501706 657124227
91438664 849783705
324754945 872580641
32148445 639446081
820882121 850233549
307050456 724983634
411024909 897614334
206317614 290066452
6119209 443091560
674353254 747255993
510505170 816169169
105270496 751802152
676825558 963298095
281724048 371080155
293401219 856098815
485673233 896497939
345601065 915820081
587547033 808061064
38217814 844420267
35939321 523648418
34472751 768125160
544889868 634806423
51741543 508326045
69355567 750783588
357553660 795012209
623646864 644829503
271797121 819849394
519772129 903291409
488886162 721335911
300704162 341509996
106839654 445002583
730896533 744733383
647207093 735252126
371900187 921148547
325322921 966893086
69792930 362296657
205437598 478536577
294324158 859199425
31173932 922331673
922757023 947912102
420733630 726746167
67121807 946225091
351043080 938644598
631838497 753068527
599883934 753862232
302620454 895267235
542079896 677259139
17875161 560128809
660705916 998595034
676050039 905405723
938077437 943277237
216693560 870237528
106316940 434574705
736795283 880798755
115112785 498803977
240557359 869011632
525732170 924811920
519500721 670290863
114270465 905190248
755744328 787746165
85625235 371415512
83621723 868310554
194267939 986250303
791386134 831921961
137144118 345375866
205982585 712224636
364295760 379324390
676318095 953274193
798054349 986503043
28630825 945904258
365846375 921744621
131583790 378821679
134244391 384612439
888084365 959694910
302221678 519373880
35502881 953511083
617538961 803050999
40405473 858869435
775888747 908343359
75327726 346294831
55143705 517916372
226764395 945104402
191481982 249362166
666185968 761158792
26249295 300308441
53523586 953849536
391583814 545187934
96557810 311984808
898365442 953156162
655315793 957223238
475427776 668396185
51267973 451496084
232865020 769331700
93617080 793221594
423812762 447439557
226752179 758293373
492487683 942703863
138453398 774553084
300951324 377320270
324452887 637106639
190796312 600601010
571441290 575764086
134456848 455082543
302464602 573968687
236112850 844552339
219208116 863290553
374163033 754125136
52468735 189741667
1021129 800477613
404343074 612248161
669607468 954903709
601650005 870765904
167881133 577676815
85215429 420932917
91493717 792873687
953902247 964369900
510328558 555547144
311649955 729226126
287116874 837224747
97167592 731795603
402148272 683082242
233902916 844718492
398342287 790710836
147108873 754013893
317044548 630087318
197772339 926539371
3302684 66323041
564017558 612459173
257797508 570647977
494022320 734927951
250185117 733750206
166296060 680685489
111043778 899313017
176478297 305961425
451592917 456685405
819763888 822068095
817349011 842306704
82399605 769633296
341223680 998585190
357057222 892966382
912482795 998267395
165625999 718026969
60315472 395807658
649199811 906802842
4712307 974234166
102493692 533859801
144201684 958623953
226973096 977737383
250382428 978780502
339726904 601747090
60310970 873904145
193877816 302610069
370658826 906457611
313162713 576873004
779796585 846690931
61758671 480553138
244633936 874303208
287296653 825687733
105558998 186903925
182043044 292342889
290256906 586125287
804805691 839317685
540524985 705039606
729611123 779742645
360584745 953157497
371754605 425263265
625149085 792179304
199342215 302126692
34954737 362750049
405977178 551522523
437191260 759548688
945230428 998548587
169568679 913075402
720145670 774528859
193007121 792311869
399774452 984588646
179309886 832839940
283081370 460982718
51044199 716558433
223292315 242876677
252163729 865100953
332624706 450175085
40996107 388386498
149377456 837378843
13335890 908771039
326686846 989617484
173301593 626683165
549247946 915554064
222828567 681445500
515834895 698318478
281255213 452740319
169439609 516737135
425942170 977739609
