101 893
2 1
3 2
4 2
5 4
6 2
7 6
8 5
9 8
10 7
11 5
12 5
13 2
14 4
15 1
16 10
17 2
18 11
19 18
20 11
21 20
22 3
23 12
24 3
25 20
26 10
27 16
28 12
29 2
30 19
31 21
32 3
33 7
34 22
35 25
36 21
37 32
38 6
39 12
40 15
41 25
42 27
43 30
44 14
45 16
46 11
47 18
48 19
49 15
50 13
51 35
52 13
53 25
54 26
55 21
56 16
57 51
58 9
59 32
60 17
61 1
62 22
63 20
64 58
65 62
66 20
67 64
68 62
69 42
70 63
71 11
72 1
73 57
74 53
75 12
76 7
77 24
78 23
79 77
80 23
81 55
82 65
83 32
84 83
85 70
86 4
87 66
88 51
89 78
90 18
91 29
92 21
93 42
94 80
95 92
96 62
97 42
98 59
99 53
100 10
101 3
5 93
74 75
38 99
52 94
78 26
53 49
24 71
95 61
48 99
1 56
14 75
95 53
43 77
20 35
17 71
2 64
35 44
49 6
57 82
100 64
29 74
13 83
34 76
5 75
8 73
14 10
97 97
49 17
21 89
87 15
73 73
20 79
39 41
10 85
11 38
26 60
69 4
83 85
90 98
69 58
35 77
81 17
52 2
70 10
7 85
70 63
2 52
36 27
96 59
77 84
42 48
49 16
55 89
17 26
26 35
36 5
52 96
3 18
14 58
11 20
19 47
9 54
21 2
98 9
10 5
43 19
93 59
33 27
66 93
94 54
66 42
17 37
52 2
22 8
87 59
85 71
12 30
46 83
92 76
64 24
81 86
76 50
76 1
36 34
20 50
96 47
51 20
83 2
38 97
14 66
39 61
101 71
21 62
9 45
54 20
27 31
81 29
87 1
3 18
34 55
98 88
21 72
49 85
5 71
75 90
61 61
52 63
87 78
48 45
75 57
34 89
23 22
87 80
60 97
44 83
58 41
27 14
9 22
11 18
52 3
93 26
5 94
50 48
34 83
87 10
89 1
72 53
100 6
20 39
86 70
39 99
89 33
47 51
56 40
75 89
33 42
88 50
36 17
43 87
27 60
92 53
25 2
36 58
13 75
11 87
91 79
21 25
91 50
78 51
20 22
10 44
73 67
52 98
77 80
61 23
76 86
27 55
75 58
73 42
54 10
60 24
31 54
83 46
39 93
8 17
78 90
87 29
84 17
95 2
84 28
60 47
13 20
92 43
54 10
69 72
40 4
63 46
18 28
45 14
81 5
69 24
16 88
39 3
69 83
12 87
37 16
88 6
7 76
44 36
65 62
74 6
9 88
36 88
43 8
36 8
40 47
47 95
43 44
96 95
92 5
21 9
9 33
19 93
7 45
58 71
32 91
75 87
26 100
35 6
92 47
84 83
67 64
63 87
19 2
4 95
46 94
5 2
30 2
94 24
58 78
73 23
30 90
83 29
30 18
65 88
85 42
17 40
53 48
4 87
22 53
50 4
101 74
71 2
32 16
13 5
59 14
79 79
84 67
11 37
63 3
46 84
9 94
6 35
36 20
66 2
39 12
79 77
27 69
88 45
12 30
41 43
78 79
42 93
76 19
53 29
64 38
3 6
61 36
91 36
49 56
22 12
43 69
36 22
2 30
94 87
10 66
43 2
53 90
75 92
84 41
35 95
60 60
87 98
57 57
28 34
92 49
50 65
3 9
85 57
89 88
85 35
32 66
68 50
36 71
74 93
98 78
63 54
95 25
64 15
30 60
79 17
17 46
94 42
25 90
17 95
69 45
23 72
96 95
53 59
15 56
82 44
7 8
4 10
38 83
65 51
32 60
32 78
17 81
7 61
28 9
46 5
40 41
65 81
12 34
35 43
45 50
64 71
60 84
8 38
37 80
66 56
67 80
41 14
60 74
7 88
41 87
83 76
54 92
2 39
56 57
43 66
27 59
82 90
59 71
41 36
45 65
36 66
24 10
28 4
61 75
6 50
93 50
37 101
28 73
5 35
22 58
99 59
19 99
21 32
43 17
40 35
27 76
65 37
22 54
41 21
58 55
83 10
46 59
32 66
29 89
24 101
71 82
3 68
40 44
65 10
38 65
19 74
77 78
42 81
96 32
1 97
20 77
5 71
9 73
92 85
42 24
66 48
97 74
64 66
4 73
80 62
81 92
88 43
56 48
85 55
97 19
87 36
80 23
63 54
80 25
80 9
15 40
75 82
100 67
64 71
8 97
99 58
24 89
75 86
55 78
84 24
17 44
68 79
82 75
72 87
10 6
31 53
35 20
27 27
1 1
29 92
81 88
93 45
33 55
88 1
18 21
4 7
36 17
35 52
2 2
27 52
93 38
81 53
55 6
27 91
55 92
93 50
9 90
43 65
9 88
87 45
80 13
68 56
14 44
45 59
81 33
54 82
34 15
83 87
100 82
57 16
99 100
28 72
76 60
61 1
7 32
41 76
63 27
21 28
43 46
54 24
28 31
17 54
76 68
91 68
74 70
11 101
14 66
38 57
16 10
100 82
7 53
96 86
80 87
2 74
32 83
67 37
28 78
35 71
99 46
98 27
71 40
54 52
57 16
72 19
68 60
5 36
55 31
50 75
93 30
78 67
7 5
69 13
72 44
25 52
46 45
58 94
24 78
19 12
30 38
11 58
72 67
22 36
77 63
9 68
17 83
3 86
73 59
83 11
22 19
72 33
66 37
70 85
55 73
31 63
9 68
55 4
13 32
59 101
27 95
45 95
35 91
81 7
27 30
32 43
55 34
58 79
16 93
32 81
43 22
45 70
68 69
94 77
31 83
84 18
11 69
98 11
49 1
30 49
27 95
83 66
73 88
64 11
43 93
81 3
63 17
80 59
28 11
9 53
35 32
59 96
72 1
34 57
99 3
9 60
77 86
77 91
42 75
45 43
6 85
10 22
6 98
15 8
58 96
77 7
98 47
38 48
44 55
80 66
48 5
28 45
22 48
16 65
56 96
5 18
1 74
64 3
24 47
82 27
24 23
76 69
17 80
55 84
44 81
57 77
74 25
42 47
94 90
44 86
101 55
89 19
21 40
67 14
67 68
19 97
43 79
71 11
59 98
32 64
61 15
67 48
86 65
69 21
2 65
67 69
66 13
6 89
33 4
15 89
101 30
34 75
22 97
8 3
13 10
68 52
42 31
93 68
12 16
74 42
21 86
27 13
77 99
40 38
97 87
64 31
95 67
10 62
68 97
61 34
10 20
11 25
84 23
78 3
20 85
24 29
47 101
53 34
95 49
52 14
57 44
43 17
1 72
96 64
27 72
95 20
68 76
5 11
101 20
35 95
91 62
77 95
15 55
64 51
57 12
39 17
8 50
20 9
47 67
71 41
74 66
96 72
29 22
37 20
11 16
9 72
48 47
81 41
75 8
77 16
92 74
45 84
57 28
91 77
82 99
22 16
41 71
40 98
45 7
20 35
64 52
69 55
40 8
25 88
8 23
52 5
58 95
37 56
60 54
77 12
75 65
40 29
39 33
68 38
81 77
51 12
79 15
12 94
19 83
21 61
40 56
10 76
37 30
34 82
24 15
81 65
38 84
43 34
20 12
97 70
65 38
88 26
13 34
67 7
34 83
58 31
18 30
88 7
97 18
15 80
64 70
33 98
26 79
10 88
57 68
50 12
51 20
66 29
74 74
46 42
41 18
29 80
43 71
87 50
18 92
8 76
67 52
56 54
71 53
85 98
30 69
92 10
24 45
14 24
81 38
92 44
33 78
91 24
92 48
62 26
6 97
84 81
67 91
86 91
29 20
8 54
74 25
33 24
35 7
89 51
96 42
50 62
47 52
11 41
82 1
85 73
38 6
55 55
53 84
60 1
16 22
101 10
12 54
10 94
94 39
64 21
90 55
16 6
26 91
45 34
27 14
100 47
4 83
1 43
25 76
63 59
82 88
54 90
67 78
69 92
60 62
52 53
72 90
15 12
3 28
79 64
76 65
74 14
44 51
44 43
94 27
100 100
24 98
88 49
61 97
7 77
73 39
50 65
70 36
51 2
17 74
6 55
29 70
14 74
52 42
67 89
24 38
16 93
72 52
62 40
57 28
8 41
17 58
42 53
9 30
5 24
83 39
25 34
91 87
67 43
100 35
73 82
39 96
36 50
39 44
22 46
57 7
13 65
55 92
91 59
23 16
11 88
22 82
15 14
101 55
20 50
49 75
99 79
84 95
25 49
1 89
81 29
20 64
50 62
90 67
87 21
16 23
51 8
17 78
16 55
88 11
4 74
97 7
67 5
81 89
36 9
52 51
95 34
23 51
84 29
7 18
46 90
52 35
98 33
24 27
40 77
75 6
48 92
14 36
91 49
9 63
81 65
9 30
82 75
65 30
75 42
70 31
26 80
87 74
77 52
28 67
101 49
50 5
43 6
16 34
90 52
40 50
8 59
71 7
27 58
20 37
2 15
13 74
45 95
