0001101011010101101001101101000101010000000110010000001011100011111001001110001111000111011101000111
0011001000110010110001111100001100011101110010101100011101110010001100100001100111111101011000011111
0100101000111011010111001001100111110111000010001110110110011110001100111100101111010100100001000110
1100110111000010110001011011101011001100101110100101000101111100101100001101001001100000011110001000
1011011111011110010100110101110101000001011110100011011011011001111011001110101010111000011011011101
0001100000000111100111000101100011011101111110101111111011111010011010011001101100111111111011101011
1110100110000001111100100011101110100000111111110001000001101010001000110011101101000010001001000110
0001101011110000010110010111100101111111101100111101000100010100010000100100110110011101000101000110
1001101100110110110010100110010110100011011010100001001010001101010100011001001010010001001110101010
1001100100000101110110001110100011111001000010001011101100100011011111001111110000111011000011000110
0110000110000000010111101010111001111100001110001000101111110111010010001110111000001100001101001110
1110100110000111111001010011110011010110010011001001000111010110010111110000110011000011101010101000
0010100000000000110100101010001110100101010100110101111011101000111010001000110100110111000110111111
1000110011010011101011000110101100100111010111000100011011000001101000110010000100010011010110110001
0111110010010101101000011001000111110011111101010011011000101000101011101000101011101110011110000100
1010011001010110100101011110000111101011111110001001010000011011111111111011110000100111100001101111
1101011011011111011001001001110010101111111000011110101101110100001100110111011001011111100010100000
0111101111111000100001010001110101001110111100101000010100110001100111100100101101111000010100001010
1000001000010110100110110100101101100100001000110011101011101011100010111111101000110110011111110000
0010111101101001001011010101101000101001011000011010100110111100110011100100010001111001000001111000
0010010111100100001101101000111000100011010101100111011100101101011100000010000101001010110010101110
1111010000110101110110100001001000100101010100011010001010010101001110100001001101110000011010100100
1100101010101000001011001011001001101101010101001100101111111000110001010001110110001010110101000100
0101100100010011011100001011100011001001000110011100110110010011110101111011001101000100001111110011
1111000001101011100010110100010100001000101100010000101011100001101010100011110001111101011100111010
1100110111000101001100001000111100010111111100000011100000001100110000011100100011000011001101000001
0001001111111101000000110001010001000110110000011111010111111111101110100010100101110110101111100101
1011111100010010110101110010101001001101100100010100000010001001001011101010010100011110010101010001
0011111101110100111110010101010110111001101101011110001111110100001100110011110101001111101001101010
0000100010110000110010001110100110110001110000010110111011100110001110001010111000011011001011100110
0101001000101100001111100101000100111010111110111010001101000010110000011110000000110010100000111011
1110101110001111011000001100111011111101010000000001011011100111100100101100110100101100010110101000
0011011011011011100000010000110100101110011100010100100111010011010111111101010110010001111000010110
1011110101110011011000110011000100111010101010001001100111110101000101111001011110100110101111100011
0010001111101111101111100000111111011001011110000011001001000000100100000100100100011110010010010010
1110010101110010000000000100111101100110101110001110110010111011001111111110000001000010000101010011
0101010101100001110100111001101111100111000010010100110000011001011001101110110010000110110011011001
0111010100111100111001100111000110011001011111010011000001111111111101000000100100111000000001100000
0010000110010111110010000110001011011000110110001010110100011011101111110100001010001101101011100101
0110110111001111100111110101110100101100011000010011100101011110101110111001000000010111101100011000
0101011100000011110000001111111001010010000101110011000001000000000011011111010101000110111001011000
0100111010011111110111100110011110100111000010101011100101101110000110011011110111001000001001001111
0001111110100011111100001100101011110101000101110010100011101011011101101000101001010011111001000110
1001111100101111010011111101101010110110101001100111100000110101111000010100010100010001110010110100
1111111011110101000000010000001001111110010000011010001101110011010010001000101011001100100111010011
0000001000010110000010100000100000000100101100100000001000101111001110010101110101110111000001011111
0101111110001000011010000000001000000000111101000110100001000001100000001100001011000111000010101011
1000001100001010101101011011111010001101101010000010011110001100111000111111011011110111101100111000
0110010101110001110101110010101001010010010010000101011001110011111100110111010100111011010001001001
0111010100001100100010110011110010011000000100101001110110101011110100101000100011011111001000110101
0010110001000010101111000110111000110111111110110000110100110111000101000001111010110101100100000101
0001111111011011001010000110000101100101110100001100011111111000110011000000011110100010000011100110
0010010001101000101100111100010011011011011100100110011111101110010100010110001001100101011000010000
0110110000001111010010010010010100011010000000011111101111011011100110001100111110010100000110111100
1100110011101110101011101000111100100000000011011001110011010011000000100110010100011011101100001010
0111000101110000110110110010101011000011010010010111110010111001010110111000101001100001101111001000
1010110010111100001101111011110111010000001000010101111101000111000101011100110111101011000100110110
1101111000111100101000101010111111100101111010101001111010000000010110100000110100110101110100010010
1101011001101010111110101010110101010100011111001111100100001101001100000000010011010110101101011000
0111110100110001110101110010100011011111000110001011011100001110110010101010010110001111011110011000
0011111010001011001110100111000000011111011001010101110100110001100101001100111000111010111001101110
0011000110110000100111000110110101000101010101010010100010110011001111010011100010110000101100100000
1110011001110001001000010010011110010111011011001110111010010100100011011110010000101111111110110001
1000100011100101011011011011000111011110001111101110011110101100001111100010010011111001000011110110
1001100000001111011100111110001100100111000100111101010000011010001111110100110000001110100110111010
1000110111111001000110110100001010001100001110011101100101010000001111110010111100001111010101110100
1111111001001111100011001011110000011111001101011000000000100101110010100001101011101000001011110000
0111000011010001110011010010110111110111011001001110110111101101110011111010101011001000100010110010
0000110001111011011101001011010010010011110011000001010101010111111100111110111011101100110010001000
1000100001010011010100110001000011011110101000000011000010001111110100001001001110101110000010110110
0110001100010111111101011011100111011011001000011100001101010001111110010111000101011010110110100000
0010011010010101101000110100101011010011110101011000100110000110110110100100011101101010111110000000
1011110011101011001000010101011111011001111010110100010110011010000111000101000100000000001110101110
1011100101100000111100000100001110111010100101111000111010001010100010111011111101000111100110011111
1000101001100101101010011011111000011000110000011000101000010111010110100100000101100010001010000011
0101011011000001101001111000100011000001110001011010000000000100001001101100101111111001111011110011
0110111101111011011000101110110100101100011011000110010111001100111110000101010001001001011001111010
0000000101111001100100101001110111001000110101011011011011111011110010010100101011111000101101001000
1011111010100010111001010000010001000010001010110011110100001000011111010101010101001110010101011110
1110011100001100010011110011100111100100110101001001011011010000010001111111001011010110100000001011
1110100110010010000000100100000011001010010010110111010010110101001111000001010100100001101011111111
1111001000010010110111011110100000010000111011110100100110100001001110110111111100101001111011000100
0101110001001011011101001010001101000100000001011011100111001111001011010011010011010010011000111111
0110110111001100111101001011011010100101001101011110011001101101000000100001010100101011011000110111
0100110101100010110110101001110100100110010010001100001010011011111111110001111001010101010101011100
1110010100101011101000011011100101101011100011110110110001110010110011000100001100001001010011011110
1000011001011111101010100111111001111001101001111101001010111010110001110110001100110000011000101001
1100010111011101100100001100110010000011001101111110101111010011010000000101100011011100100111111111
0010010000010001100010100010101011001011101110010010001101101110100110110101010111000001010010010110
1101110000000110011011101001000110101000101100001000100001011010010010110001101001111110100000001110
1101111010110010001001011110110011000011111000010100101100111110001000011011110011110010000110110011
1001000110101110011000111111000101010001000010010010011111110110110000111100011000001001001000000000
0001110011011110101011010010010101101010000110100001010100010011101111111111000011000101101000101101
1010111101100001001100110111110001011110111011001001000100101001011000000001111011001101000000010001
0000010010011101101111011010111101000110000100110101010010001111111101101001100010110011001010000110
0100100000001100001100011001001010111001100111010100110011110011111101000101101010111101101001000011
0101110010111001010110001000101100001001110001111000011100111000100010001100111110101111010010000101
1110101101101011000011100010010010000010011101000111010010001001010001001100001011111101110010101010
1110011111101001010010011000111011110000011011100001001011001001100101001111101110110101111000110100
1100110000001101000000010111001001011010010011101110000000000010000000000111000110110011001011011000
